MEME version 4

ALPHABET= ACGT

Background letter frequencies:
A 0.2500 C 0.2500 G 0.2500 T 0.2500

MOTIF filter0
letter-probability matrix: alength= 4 w= 13 nsites= 673 E= 0
0.2585 0.1787 0.5539 0.0089
0.2437 0.1211 0.3058 0.3294
0.3501 0.4830 0.1640 0.0030
0.3900 0.1787 0.2954 0.1359
0.4623 0.0916 0.3412 0.1049
0.7031 0.0768 0.1064 0.1137
0.0207 0.0222 0.9557 0.0015
0.2349 0.2038 0.3708 0.1905
0.2349 0.2762 0.2925 0.1965
0.2024 0.2482 0.3604 0.1891
0.2511 0.2496 0.3264 0.1728
0.1994 0.2910 0.2954 0.2142
0.1979 0.2555 0.3988 0.1477

MOTIF filter1
letter-probability matrix: alength= 4 w= 13 nsites= 501 E= 0
0.0099 0.0020 0.9802 0.0079
0.4436 0.1426 0.1287 0.2851
0.3267 0.4040 0.0475 0.2218
0.0713 0.1089 0.6495 0.1703
0.1010 0.0218 0.2931 0.5842
0.0158 0.5129 0.4396 0.0317
0.0139 0.0396 0.9327 0.0139
0.2257 0.2653 0.3188 0.1901
0.1683 0.3426 0.3505 0.1386
0.1901 0.2673 0.3703 0.1723
0.2158 0.2634 0.3307 0.1901
0.1822 0.2911 0.3485 0.1782
0.1921 0.2653 0.3941 0.1485

MOTIF filter2
letter-probability matrix: alength= 4 w= 13 nsites= 391 E= 0
0.6911 0.0810 0.0076 0.2203
0.1747 0.3013 0.3468 0.1772
0.3823 0.2228 0.1063 0.2886
0.0506 0.1646 0.0076 0.7772
0.2304 0.0734 0.4835 0.2127
0.0405 0.8354 0.0025 0.1215
0.0430 0.7595 0.1696 0.0278
0.2228 0.3165 0.1823 0.2785
0.1823 0.2911 0.2886 0.2380
0.1949 0.2861 0.2557 0.2633
0.1823 0.3063 0.2835 0.2278
0.2000 0.3316 0.3013 0.1671
0.1975 0.3291 0.2253 0.2481

MOTIF filter3
letter-probability matrix: alength= 4 w= 13 nsites= 268 E= 0
0.1654 0.1618 0.1397 0.5331
0.3235 0.5625 0.0110 0.1029
0.0294 0.0294 0.9228 0.0184
0.4375 0.0221 0.1250 0.4154
0.1434 0.4449 0.3051 0.1066
0.0037 0.0074 0.9853 0.0037
0.4485 0.0478 0.1066 0.3971
0.1618 0.2941 0.3860 0.1581
0.1912 0.2132 0.4559 0.1397
0.2206 0.2022 0.3088 0.2684
0.1581 0.3088 0.3235 0.2096
0.1875 0.2721 0.3897 0.1507
0.1912 0.2757 0.2868 0.2463

MOTIF filter4
letter-probability matrix: alength= 4 w= 13 nsites= 278 E= 0
0.0993 0.4326 0.3688 0.0993
0.0567 0.0355 0.3191 0.5887
0.0284 0.0035 0.9397 0.0284
0.8440 0.0851 0.0461 0.0248
0.8865 0.0248 0.0851 0.0035
0.4752 0.2447 0.2660 0.0142
0.4184 0.2908 0.2553 0.0355
0.2553 0.2589 0.2801 0.2057
0.2411 0.3014 0.3121 0.1454
0.2270 0.2872 0.2943 0.1915
0.2411 0.2340 0.2943 0.2305
0.2057 0.2801 0.2908 0.2234
0.2624 0.2447 0.3156 0.1773

MOTIF filter5
letter-probability matrix: alength= 4 w= 13 nsites= 531 E= 0
0.7645 0.0336 0.0318 0.1701
0.3439 0.2355 0.2299 0.1907
0.1421 0.3458 0.0206 0.4916
0.0037 0.2935 0.0150 0.6879
0.2822 0.6075 0.0486 0.0617
0.0766 0.4336 0.3813 0.1084
0.0056 0.9327 0.0467 0.0150
0.2598 0.3551 0.1271 0.2579
0.1907 0.3028 0.2766 0.2299
0.2131 0.3234 0.2393 0.2243
0.2150 0.2897 0.2262 0.2692
0.1738 0.3271 0.2561 0.2430
0.1944 0.3383 0.2505 0.2168

MOTIF filter6
letter-probability matrix: alength= 4 w= 13 nsites= 441 E= 0
0.6944 0.0876 0.0404 0.1775
0.0787 0.0090 0.7978 0.1146
0.0517 0.0337 0.9124 0.0022
0.1034 0.0337 0.8584 0.0045
0.1910 0.3326 0.3798 0.0966
0.3461 0.4809 0.0517 0.1213
0.0202 0.6270 0.2000 0.1528
0.2427 0.3011 0.2404 0.2157
0.2337 0.2404 0.3596 0.1663
0.1820 0.2629 0.3685 0.1865
0.2202 0.3169 0.3258 0.1371
0.1640 0.3079 0.3528 0.1753
0.2000 0.2831 0.3281 0.1888

MOTIF filter7
letter-probability matrix: alength= 4 w= 13 nsites= 666 E= 0
0.4075 0.0731 0.1522 0.3672
0.2119 0.3493 0.3940 0.0448
0.4119 0.1687 0.0642 0.3552
0.0537 0.0164 0.5299 0.4000
0.0851 0.7896 0.0493 0.0761
0.8075 0.0597 0.0075 0.1254
0.0269 0.3149 0.6149 0.0433
0.2791 0.2672 0.2746 0.1791
0.2164 0.2657 0.3090 0.2090
0.2194 0.2881 0.2940 0.1985
0.2343 0.2836 0.2851 0.1970
0.1716 0.2851 0.3224 0.2209
0.1896 0.2881 0.2955 0.2269

MOTIF filter8
letter-probability matrix: alength= 4 w= 13 nsites= 912 E= 0
0.0830 0.0382 0.0164 0.8624
0.0579 0.0950 0.4323 0.4148
0.0076 0.5011 0.4148 0.0764
0.2795 0.1430 0.5175 0.0600
0.0371 0.1485 0.6845 0.1299
0.0808 0.2249 0.6408 0.0535
0.4771 0.1452 0.0972 0.2806
0.1834 0.3024 0.3275 0.1867
0.1856 0.3330 0.3035 0.1779
0.2052 0.2795 0.2904 0.2249
0.1681 0.3079 0.2969 0.2271
0.1692 0.3297 0.3264 0.1747
0.2151 0.2675 0.3057 0.2118

MOTIF filter9
letter-probability matrix: alength= 4 w= 13 nsites= 699 E= 0
0.3826 0.1792 0.0043 0.4339
0.0284 0.5391 0.0384 0.3940
0.6942 0.0498 0.0171 0.2390
0.6216 0.0028 0.3656 0.0100
0.5107 0.2162 0.0128 0.2603
0.3257 0.3215 0.3044 0.0484
0.6017 0.0654 0.0996 0.2333
0.2347 0.2817 0.3058 0.1778
0.2589 0.2560 0.2575 0.2276
0.2162 0.3129 0.2575 0.2134
0.2518 0.2546 0.2674 0.2262
0.2347 0.2859 0.2447 0.2347
0.2489 0.2902 0.2518 0.2091

MOTIF filter10
letter-probability matrix: alength= 4 w= 13 nsites= 722 E= 0
0.1997 0.1116 0.6419 0.0468
0.4848 0.1612 0.0124 0.3416
0.4160 0.0055 0.0055 0.5730
0.1171 0.7369 0.1267 0.0193
0.0399 0.7314 0.1653 0.0634
0.0234 0.0275 0.0592 0.8898
0.0386 0.2782 0.6116 0.0716
0.2369 0.2741 0.2906 0.1983
0.2493 0.2562 0.2658 0.2287
0.1901 0.2851 0.3223 0.2025
0.2259 0.2741 0.3182 0.1818
0.2617 0.2741 0.2424 0.2218
0.2025 0.2934 0.3251 0.1791

MOTIF filter11
letter-probability matrix: alength= 4 w= 13 nsites= 443 E= 0
0.0022 0.8546 0.0112 0.1320
0.7942 0.1902 0.0112 0.0045
0.4116 0.0224 0.2416 0.3244
0.1745 0.7696 0.0134 0.0425
0.1230 0.4832 0.0179 0.3758
0.6622 0.2260 0.1096 0.0022
0.0783 0.2282 0.1365 0.5570
0.2215 0.2528 0.3244 0.2013
0.1902 0.2640 0.2886 0.2573
0.2282 0.3065 0.2796 0.1857
0.1902 0.3177 0.2595 0.2327
0.2506 0.2931 0.2595 0.1969
0.2237 0.3154 0.2550 0.2058

MOTIF filter12
letter-probability matrix: alength= 4 w= 13 nsites= 747 E= 0
0.1105 0.1318 0.6059 0.1518
0.0546 0.0053 0.9254 0.0146
0.2517 0.1451 0.1278 0.4754
0.4541 0.3103 0.2224 0.0133
0.7523 0.0253 0.0706 0.1518
0.3888 0.2157 0.3808 0.0146
0.4607 0.0240 0.4700 0.0453
0.2463 0.1864 0.4154 0.1518
0.2463 0.2517 0.3382 0.1638
0.2583 0.2623 0.3023 0.1771
0.2543 0.2064 0.3422 0.1971
0.2370 0.2783 0.3049 0.1798
0.2357 0.2450 0.3542 0.1651

MOTIF filter13
letter-probability matrix: alength= 4 w= 13 nsites= 288 E= 0
0.6952 0.0479 0.0445 0.2123
0.1062 0.0582 0.8253 0.0103
0.0137 0.5582 0.0445 0.3836
0.4212 0.1541 0.2500 0.1747
0.1233 0.0788 0.6986 0.0993
0.0856 0.3836 0.1575 0.3733
0.4829 0.3082 0.0582 0.1507
0.2740 0.1781 0.3116 0.2363
0.1849 0.3459 0.2979 0.1712
0.2603 0.2260 0.2432 0.2705
0.2603 0.2363 0.3116 0.1918
0.2329 0.3219 0.2568 0.1884
0.2979 0.2466 0.2329 0.2226

MOTIF filter14
letter-probability matrix: alength= 4 w= 13 nsites= 1360 E= 0
0.0037 0.9311 0.0623 0.0029
0.2977 0.3424 0.0242 0.3358
0.3475 0.0792 0.2383 0.3350
0.0784 0.1833 0.4128 0.3255
0.0638 0.6760 0.2185 0.0418
0.0110 0.6525 0.0147 0.3218
0.0242 0.9370 0.0015 0.0374
0.2302 0.3783 0.1070 0.2845
0.1789 0.2720 0.2815 0.2676
0.1694 0.3548 0.2903 0.1855
0.1840 0.3299 0.2676 0.2185
0.1979 0.3402 0.2463 0.2155
0.1642 0.3842 0.2647 0.1870

MOTIF filter15
letter-probability matrix: alength= 4 w= 13 nsites= 558 E= 0
0.0071 0.0249 0.0160 0.9520
0.0872 0.2420 0.4929 0.1779
0.1441 0.0036 0.0178 0.8345
0.0516 0.0178 0.9235 0.0071
0.0196 0.0819 0.0979 0.8007
0.0071 0.4609 0.3149 0.2171
0.0712 0.1566 0.0249 0.7473
0.1423 0.3007 0.3612 0.1957
0.1441 0.2722 0.2509 0.3327
0.1744 0.2705 0.3310 0.2242
0.1762 0.3149 0.2456 0.2633
0.2011 0.2705 0.3221 0.2064
0.1940 0.2811 0.2242 0.3007

MOTIF filter16
letter-probability matrix: alength= 4 w= 13 nsites= 537 E= 0
0.0018 0.9926 0.0037 0.0018
0.0684 0.3697 0.5379 0.0240
0.0684 0.1941 0.3567 0.3808
0.4732 0.3604 0.1331 0.0333
0.0185 0.8725 0.0296 0.0795
0.1349 0.3216 0.0961 0.4473
0.0481 0.5527 0.1738 0.2255
0.2126 0.3697 0.2144 0.2033
0.1608 0.3401 0.2532 0.2458
0.1664 0.3752 0.2791 0.1793
0.1608 0.3808 0.2643 0.1941
0.2107 0.3013 0.2625 0.2255
0.1701 0.3586 0.2847 0.1867

MOTIF filter17
letter-probability matrix: alength= 4 w= 13 nsites= 377 E= 0
0.0079 0.7743 0.1312 0.0866
0.0315 0.0262 0.5249 0.4173
0.6142 0.0079 0.1627 0.2152
0.1864 0.5433 0.0026 0.2677
0.1916 0.0341 0.6325 0.1417
0.5617 0.0262 0.1470 0.2651
0.0472 0.8740 0.0525 0.0262
0.2625 0.3465 0.2047 0.1864
0.2178 0.2756 0.2520 0.2546
0.1759 0.3570 0.2835 0.1837
0.2205 0.2940 0.3386 0.1470
0.2520 0.2362 0.2730 0.2388
0.1444 0.3465 0.3281 0.1811

MOTIF filter18
letter-probability matrix: alength= 4 w= 13 nsites= 704 E= 0
0.6808 0.0071 0.0226 0.2895
0.0042 0.2613 0.2500 0.4845
0.3503 0.0014 0.1949 0.4534
0.1667 0.0042 0.8008 0.0282
0.0621 0.5268 0.0297 0.3814
0.0085 0.3531 0.0381 0.6003
0.2302 0.3065 0.2627 0.2006
0.1822 0.3503 0.2641 0.2034
0.1540 0.3545 0.2754 0.2161
0.2161 0.3150 0.2514 0.2175
0.2105 0.2924 0.2613 0.2359
0.1864 0.3333 0.2359 0.2444
0.2359 0.2994 0.2641 0.2006

MOTIF filter19
letter-probability matrix: alength= 4 w= 13 nsites= 725 E= 0
0.7572 0.0055 0.0988 0.1385
0.0261 0.4211 0.4225 0.1303
0.1564 0.2524 0.4499 0.1413
0.0521 0.4156 0.4815 0.0508
0.1728 0.0329 0.0974 0.6968
0.0521 0.0919 0.8189 0.0370
0.2922 0.3265 0.1193 0.2620
0.1660 0.3073 0.3361 0.1907
0.1824 0.3100 0.3265 0.1811
0.2071 0.2949 0.3251 0.1728
0.1550 0.2661 0.3745 0.2044
0.1920 0.2922 0.3333 0.1824
0.2222 0.2894 0.2922 0.1962

MOTIF filter20
letter-probability matrix: alength= 4 w= 13 nsites= 189 E= 0
0.1347 0.0415 0.6269 0.1969
0.6425 0.1295 0.0777 0.1503
0.2228 0.7358 0.0207 0.0207
0.0207 0.0311 0.9430 0.0052
0.5026 0.0777 0.2798 0.1399
0.1554 0.3316 0.4404 0.0725
0.0518 0.0415 0.8808 0.0259
0.2073 0.3109 0.3212 0.1606
0.1244 0.2850 0.4145 0.1762
0.1554 0.2798 0.4197 0.1451
0.2487 0.2539 0.3212 0.1762
0.1658 0.2902 0.3731 0.1710
0.1658 0.2539 0.4197 0.1606

MOTIF filter21
letter-probability matrix: alength= 4 w= 13 nsites= 392 E= 0
0.3561 0.0480 0.2475 0.3485
0.0328 0.0328 0.8990 0.0354
0.1919 0.5429 0.2576 0.0076
0.7677 0.1162 0.0076 0.1086
0.0354 0.0202 0.0202 0.9242
0.0379 0.8535 0.0202 0.0884
0.0278 0.4318 0.0051 0.5354
0.1894 0.3030 0.2601 0.2475
0.1540 0.3182 0.3308 0.1970
0.1944 0.2929 0.3056 0.2071
0.1894 0.3081 0.2854 0.2172
0.1970 0.2980 0.2879 0.2172
0.1742 0.3232 0.2727 0.2298

MOTIF filter22
letter-probability matrix: alength= 4 w= 13 nsites= 504 E= 0
0.1457 0.5217 0.2244 0.1083
0.5354 0.0354 0.3091 0.1201
0.6201 0.1988 0.1260 0.0551
0.0276 0.2461 0.7165 0.0098
0.5551 0.0079 0.0709 0.3661
0.3524 0.0217 0.0374 0.5886
0.0039 0.9469 0.0472 0.0020
0.2913 0.3012 0.1220 0.2854
0.2087 0.2520 0.2343 0.3051
0.1909 0.3071 0.3248 0.1772
0.2165 0.2756 0.2972 0.2106
0.2461 0.2579 0.2638 0.2323
0.1614 0.3760 0.3051 0.1575

MOTIF filter23
letter-probability matrix: alength= 4 w= 13 nsites= 449 E= 0
0.4150 0.1170 0.1854 0.2826
0.5143 0.3289 0.0419 0.1148
0.0177 0.3444 0.5717 0.0662
0.0596 0.9095 0.0265 0.0044
0.0728 0.0618 0.7550 0.1104
0.0155 0.0883 0.7285 0.1678
0.4547 0.3377 0.0839 0.1236
0.1589 0.3687 0.2804 0.1921
0.1567 0.3135 0.3113 0.2185
0.1435 0.3841 0.2450 0.2274
0.1501 0.3245 0.3400 0.1854
0.1545 0.3510 0.3223 0.1722
0.2053 0.3201 0.2671 0.2075

MOTIF filter24
letter-probability matrix: alength= 4 w= 13 nsites= 484 E= 0
0.2070 0.3934 0.1025 0.2971
0.3258 0.0615 0.5943 0.0184
0.1885 0.5328 0.2418 0.0369
0.0758 0.5676 0.3197 0.0369
0.0020 0.0020 0.9508 0.0451
0.3607 0.0553 0.0984 0.4857
0.5266 0.1148 0.0451 0.3135
0.1414 0.2500 0.4406 0.1680
0.1947 0.3156 0.3156 0.1742
0.1865 0.2787 0.3156 0.2193
0.1516 0.3074 0.3648 0.1762
0.1762 0.2889 0.3176 0.2172
0.1598 0.3279 0.3484 0.1639

MOTIF filter25
letter-probability matrix: alength= 4 w= 13 nsites= 759 E= 0
0.0721 0.3237 0.5649 0.0393
0.0262 0.1035 0.8165 0.0537
0.3814 0.3106 0.2713 0.0367
0.0105 0.3159 0.4404 0.2333
0.3788 0.5570 0.0550 0.0092
0.1520 0.0393 0.0079 0.8008
0.0996 0.8336 0.0590 0.0079
0.2254 0.3735 0.1887 0.2123
0.1927 0.3014 0.2687 0.2372
0.1599 0.3381 0.3303 0.1717
0.2228 0.2870 0.3067 0.1835
0.2018 0.3198 0.2779 0.2005
0.1796 0.3434 0.3001 0.1769

MOTIF filter26
letter-probability matrix: alength= 4 w= 13 nsites= 237 E= 0
0.3651 0.4938 0.0166 0.1245
0.0041 0.0788 0.3983 0.5187
0.3983 0.4813 0.1079 0.0124
0.5519 0.0124 0.2573 0.1784
0.0788 0.6390 0.0664 0.2158
0.0041 0.0083 0.0124 0.9751
0.0207 0.1203 0.8216 0.0373
0.1743 0.3320 0.2905 0.2033
0.2448 0.2946 0.2614 0.1992
0.2241 0.2324 0.3071 0.2365
0.1992 0.2656 0.2780 0.2573
0.1950 0.2946 0.2365 0.2739
0.2033 0.3237 0.2531 0.2199

MOTIF filter27
letter-probability matrix: alength= 4 w= 13 nsites= 229 E= 0
0.1459 0.0773 0.2661 0.5107
0.3305 0.1502 0.3691 0.1502
0.6137 0.0472 0.3133 0.0258
0.6094 0.0987 0.0901 0.2017
0.2146 0.0343 0.5107 0.2403
0.2704 0.0601 0.5365 0.1330
0.0129 0.0901 0.5751 0.3219
0.2146 0.2446 0.3262 0.2146
0.2575 0.2103 0.3433 0.1888
0.2275 0.2361 0.3176 0.2189
0.2060 0.2618 0.3305 0.2017
0.2189 0.2661 0.3262 0.1888
0.1931 0.2747 0.3133 0.2189

MOTIF filter28
letter-probability matrix: alength= 4 w= 13 nsites= 954 E= 0
0.0825 0.5501 0.1482 0.2192
0.0835 0.8351 0.0042 0.0772
0.0689 0.7714 0.0094 0.1503
0.6534 0.1315 0.0459 0.1691
0.2401 0.2004 0.5407 0.0188
0.1148 0.3727 0.2443 0.2683
0.1973 0.5063 0.2422 0.0543
0.1764 0.3434 0.2223 0.2578
0.1942 0.3236 0.2912 0.1910
0.1764 0.3424 0.2578 0.2234
0.2046 0.3142 0.2526 0.2286
0.2119 0.3330 0.2672 0.1879
0.1775 0.3267 0.3017 0.1942

MOTIF filter29
letter-probability matrix: alength= 4 w= 13 nsites= 599 E= 0
0.7562 0.0498 0.0746 0.1194
0.0564 0.0050 0.9370 0.0017
0.6368 0.1592 0.1957 0.0083
0.6998 0.0431 0.0663 0.1907
0.3184 0.0531 0.2471 0.3814
0.0415 0.0796 0.7313 0.1476
0.2123 0.0149 0.2786 0.4942
0.2239 0.2371 0.3416 0.1973
0.2388 0.2488 0.2869 0.2255
0.2570 0.2172 0.2886 0.2371
0.2305 0.2604 0.3085 0.2007
0.2521 0.2537 0.2968 0.1973
0.2902 0.2073 0.2670 0.2355

MOTIF filter30
letter-probability matrix: alength= 4 w= 13 nsites= 459 E= 0
0.4212 0.0994 0.3952 0.0842
0.0670 0.1512 0.7041 0.0778
0.0799 0.0648 0.8186 0.0367
0.2916 0.1533 0.2441 0.3110
0.0562 0.7840 0.1555 0.0043
0.2657 0.0929 0.4881 0.1533
0.8402 0.0670 0.0151 0.0778
0.1641 0.2808 0.4104 0.1447
0.1944 0.2786 0.3607 0.1663
0.2289 0.2376 0.2873 0.2462
0.1166 0.3650 0.3391 0.1793
0.1965 0.3045 0.3326 0.1663
0.2441 0.2570 0.2484 0.2505

MOTIF filter31
letter-probability matrix: alength= 4 w= 13 nsites= 621 E= 0
0.6576 0.0016 0.3264 0.0144
0.0592 0.4768 0.0592 0.4048
0.3728 0.0400 0.2336 0.3536
0.3184 0.0832 0.2288 0.3696
0.5456 0.1728 0.2016 0.0800
0.6816 0.1488 0.1312 0.0384
0.3712 0.3472 0.0512 0.2304
0.2528 0.2512 0.2544 0.2416
0.2736 0.2544 0.2736 0.1984
0.2800 0.2224 0.2512 0.2464
0.2608 0.2352 0.2800 0.2240
0.2592 0.2320 0.2784 0.2304
0.2800 0.2688 0.2592 0.1920

MOTIF filter32
letter-probability matrix: alength= 4 w= 13 nsites= 812 E= 0
0.0392 0.2966 0.0686 0.5956
0.5074 0.1348 0.1961 0.1618
0.4289 0.0196 0.4412 0.1103
0.0159 0.0049 0.9779 0.0012
0.2696 0.0772 0.5833 0.0699
0.3162 0.3088 0.3382 0.0368
0.5907 0.1250 0.2328 0.0515
0.2475 0.2218 0.3542 0.1765
0.2439 0.2206 0.3517 0.1838
0.2525 0.2230 0.3456 0.1789
0.2598 0.2488 0.3223 0.1691
0.2525 0.2414 0.3211 0.1850
0.2365 0.2439 0.3395 0.1801

MOTIF filter33
letter-probability matrix: alength= 4 w= 13 nsites= 206 E= 0
0.0286 0.7048 0.2571 0.0095
0.0286 0.1571 0.5286 0.2857
0.5048 0.0857 0.0810 0.3286
0.0048 0.8952 0.0667 0.0333
0.0190 0.0333 0.9095 0.0381
0.1333 0.2476 0.1095 0.5095
0.0524 0.7143 0.2095 0.0238
0.2143 0.3619 0.2333 0.1905
0.1429 0.3143 0.2714 0.2714
0.1381 0.4619 0.2143 0.1857
0.1762 0.3143 0.3381 0.1714
0.1667 0.3667 0.2429 0.2238
0.1714 0.4238 0.2524 0.1524

MOTIF filter34
letter-probability matrix: alength= 4 w= 13 nsites= 286 E= 0
0.1552 0.1172 0.0690 0.6586
0.0103 0.3724 0.3828 0.2345
0.0586 0.6586 0.0483 0.2345
0.0069 0.6621 0.0103 0.3207
0.8862 0.0448 0.0069 0.0621
0.1793 0.0448 0.4793 0.2966
0.0241 0.1034 0.3966 0.4759
0.1310 0.3034 0.3069 0.2586
0.1966 0.2759 0.2414 0.2862
0.2000 0.3310 0.2345 0.2345
0.1759 0.2966 0.2793 0.2483
0.2414 0.2552 0.2655 0.2379
0.1897 0.2897 0.2655 0.2552

MOTIF filter35
letter-probability matrix: alength= 4 w= 13 nsites= 590 E= 0
0.0067 0.0051 0.9512 0.0370
0.0690 0.0034 0.9057 0.0219
0.3030 0.1279 0.5522 0.0168
0.0455 0.1279 0.5505 0.2761
0.2323 0.0640 0.1936 0.5101
0.0185 0.3148 0.4798 0.1869
0.2845 0.5337 0.0741 0.1077
0.2424 0.2660 0.2929 0.1987
0.1801 0.2559 0.3384 0.2256
0.1953 0.2593 0.3266 0.2189
0.2205 0.2576 0.3098 0.2121
0.2121 0.2525 0.3333 0.2020
0.2256 0.2593 0.3367 0.1785

MOTIF filter36
letter-probability matrix: alength= 4 w= 13 nsites= 524 E= 0
0.0511 0.6723 0.0322 0.2443
0.0057 0.5417 0.3636 0.0890
0.0057 0.0038 0.9451 0.0455
0.2992 0.1080 0.0644 0.5284
0.5701 0.3277 0.0208 0.0814
0.2462 0.5492 0.1932 0.0114
0.0890 0.4280 0.4091 0.0739
0.1799 0.3390 0.2670 0.2140
0.2140 0.3125 0.3258 0.1477
0.2102 0.3049 0.2765 0.2083
0.1572 0.3371 0.3011 0.2045
0.1913 0.3523 0.3068 0.1496
0.1989 0.3258 0.2746 0.2008

MOTIF filter37
letter-probability matrix: alength= 4 w= 13 nsites= 232 E= 0
0.0085 0.5593 0.1271 0.3051
0.1059 0.6653 0.1102 0.1186
0.2754 0.6568 0.0297 0.0381
0.9576 0.0042 0.0085 0.0297
0.7500 0.0975 0.0551 0.0975
0.1186 0.1229 0.3517 0.4068
0.0169 0.5424 0.2754 0.1653
0.2331 0.3517 0.1398 0.2754
0.1907 0.3644 0.2458 0.1992
0.2585 0.3432 0.2331 0.1653
0.2119 0.2712 0.2839 0.2331
0.1864 0.3008 0.3263 0.1864
0.2119 0.3051 0.2669 0.2161

MOTIF filter38
letter-probability matrix: alength= 4 w= 13 nsites= 289 E= 0
0.8532 0.0171 0.1160 0.0137
0.1024 0.0102 0.8601 0.0273
0.2014 0.5085 0.2560 0.0341
0.5256 0.1468 0.2150 0.1126
0.2355 0.3072 0.4130 0.0444
0.1399 0.3549 0.1024 0.4027
0.0853 0.0853 0.7986 0.0307
0.2218 0.2218 0.3857 0.1706
0.2253 0.2594 0.3242 0.1911
0.1877 0.2048 0.3891 0.2184
0.2389 0.2799 0.3174 0.1638
0.2218 0.2594 0.2901 0.2287
0.2355 0.2218 0.3242 0.2184

MOTIF filter39
letter-probability matrix: alength= 4 w= 13 nsites= 334 E= 0
0.0769 0.2012 0.6154 0.1065
0.0473 0.4645 0.0355 0.4527
0.3225 0.0621 0.0592 0.5562
0.1716 0.0769 0.0355 0.7160
0.2071 0.1479 0.0444 0.6006
0.0621 0.1213 0.2189 0.5976
0.7899 0.0503 0.0414 0.1183
0.1509 0.2988 0.3166 0.2337
0.2160 0.2604 0.2722 0.2515
0.2426 0.2456 0.2544 0.2574
0.2456 0.2722 0.2249 0.2574
0.2012 0.2663 0.2544 0.2781
0.2544 0.2456 0.2456 0.2544

MOTIF filter40
letter-probability matrix: alength= 4 w= 13 nsites= 1047 E= 0
0.2531 0.4196 0.1104 0.2169
0.4415 0.2293 0.0409 0.2883
0.1028 0.2341 0.2997 0.3635
0.4301 0.1465 0.3149 0.1085
0.0019 0.9696 0.0038 0.0247
0.7859 0.0048 0.0200 0.1893
0.0247 0.0742 0.5966 0.3045
0.2398 0.2883 0.3035 0.1684
0.2198 0.2712 0.2892 0.2198
0.2245 0.3007 0.2598 0.2150
0.1684 0.3311 0.2854 0.2150
0.2398 0.2988 0.2655 0.1960
0.2093 0.2978 0.2740 0.2188

MOTIF filter41
letter-probability matrix: alength= 4 w= 13 nsites= 1441 E= 0
0.1626 0.1972 0.0685 0.5716
0.0194 0.3896 0.5716 0.0194
0.6325 0.0097 0.2561 0.1017
0.1979 0.0256 0.3827 0.3938
0.0464 0.3446 0.4616 0.1474
0.2145 0.1460 0.4436 0.1958
0.1626 0.1377 0.1433 0.5564
0.1363 0.2810 0.4235 0.1592
0.2097 0.2561 0.3266 0.2076
0.2339 0.2519 0.3114 0.2028
0.1675 0.2768 0.3730 0.1827
0.2401 0.2388 0.3287 0.1924
0.2097 0.2678 0.2913 0.2311

MOTIF filter42
letter-probability matrix: alength= 4 w= 13 nsites= 891 E= 0
0.0190 0.0324 0.6000 0.3486
0.0045 0.9654 0.0223 0.0078
0.4123 0.3955 0.0436 0.1486
0.3799 0.4648 0.1296 0.0257
0.1151 0.1430 0.1441 0.5978
0.1274 0.0849 0.6838 0.1039
0.2067 0.3318 0.4134 0.0480
0.2056 0.3285 0.2603 0.2056
0.1877 0.3050 0.2994 0.2078
0.2145 0.2883 0.2637 0.2335
0.1777 0.3330 0.2782 0.2112
0.1966 0.2860 0.3318 0.1855
0.2101 0.2872 0.3184 0.1844

MOTIF filter43
letter-probability matrix: alength= 4 w= 13 nsites= 1480 E= 0
0.1031 0.3039 0.2460 0.3470
0.2392 0.6105 0.1280 0.0222
0.3666 0.6119 0.0108 0.0108
0.6071 0.1745 0.1597 0.0586
0.1530 0.4272 0.3962 0.0236
0.2992 0.4596 0.0795 0.1617
0.0007 0.9980 0.0007 0.0007
0.2810 0.3356 0.1341 0.2493
0.1779 0.3039 0.3268 0.1914
0.1846 0.3086 0.3133 0.1934
0.1961 0.3315 0.2965 0.1759
0.2015 0.3255 0.2749 0.1981
0.1813 0.3228 0.2790 0.2170

MOTIF filter44
letter-probability matrix: alength= 4 w= 13 nsites= 405 E= 0
0.5208 0.3765 0.0098 0.0929
0.5061 0.0367 0.4425 0.0147
0.0024 0.0978 0.0024 0.8973
0.0122 0.0367 0.7066 0.2445
0.6504 0.0024 0.0024 0.3447
0.0196 0.1687 0.7384 0.0733
0.0416 0.6210 0.2787 0.0587
0.2689 0.3081 0.1932 0.2298
0.2249 0.2885 0.2934 0.1932
0.2200 0.3056 0.2934 0.1809
0.2200 0.2641 0.2665 0.2494
0.2274 0.2469 0.3154 0.2103
0.2200 0.2543 0.3056 0.2200

MOTIF filter45
letter-probability matrix: alength= 4 w= 13 nsites= 590 E= 0
0.0320 0.0960 0.3300 0.5421
0.1886 0.4949 0.0741 0.2424
0.2407 0.3300 0.0286 0.4007
0.1027 0.3603 0.1481 0.3889
0.2020 0.2104 0.4512 0.1364
0.2323 0.0219 0.1044 0.6414
0.3064 0.1431 0.2525 0.2980
0.1448 0.3552 0.2963 0.2037
0.2189 0.2828 0.2357 0.2626
0.1953 0.2929 0.2273 0.2845
0.2020 0.3114 0.2761 0.2104
0.2189 0.2912 0.2155 0.2744
0.1970 0.2374 0.2946 0.2710

MOTIF filter46
letter-probability matrix: alength= 4 w= 13 nsites= 834 E= 0
0.2673 0.3115 0.1408 0.2804
0.1050 0.0346 0.3902 0.4702
0.2530 0.2959 0.3222 0.1289
0.7375 0.0632 0.0203 0.1790
0.1158 0.0489 0.3377 0.4976
0.0418 0.1921 0.6706 0.0955
0.0227 0.8962 0.0179 0.0632
0.2780 0.3174 0.1301 0.2745
0.1945 0.2721 0.3067 0.2267
0.2375 0.2757 0.2924 0.1945
0.2112 0.2673 0.3043 0.2172
0.2172 0.2780 0.3198 0.1850
0.2088 0.3043 0.2757 0.2112

MOTIF filter47
letter-probability matrix: alength= 4 w= 13 nsites= 1009 E= 0
0.1145 0.1846 0.5647 0.1362
0.0276 0.8697 0.0592 0.0434
0.1234 0.1461 0.0247 0.7058
0.0089 0.7818 0.1491 0.0602
0.5301 0.3574 0.0237 0.0888
0.2725 0.3159 0.0158 0.3959
0.2804 0.1619 0.1895 0.3682
0.1619 0.3366 0.2705 0.2310
0.1925 0.3317 0.2399 0.2359
0.1787 0.3495 0.2419 0.2300
0.1747 0.3327 0.2754 0.2172
0.2172 0.2981 0.2359 0.2488
0.1787 0.3386 0.2794 0.2034

MOTIF filter48
letter-probability matrix: alength= 4 w= 13 nsites= 285 E= 0
0.3495 0.0104 0.6263 0.0138
0.0069 0.0346 0.0277 0.9308
0.1176 0.0588 0.6298 0.1938
0.2353 0.0311 0.7266 0.0069
0.0035 0.2145 0.2630 0.5190
0.0657 0.5121 0.0657 0.3564
0.1592 0.3841 0.0311 0.4256
0.1972 0.2941 0.2630 0.2457
0.1765 0.2976 0.2837 0.2422
0.2803 0.2042 0.3287 0.1869
0.2284 0.2111 0.3218 0.2388
0.2076 0.2284 0.3287 0.2353
0.1869 0.2249 0.2976 0.2907

MOTIF filter49
letter-probability matrix: alength= 4 w= 13 nsites= 970 E= 0
0.3501 0.1807 0.0914 0.3778
0.0554 0.3398 0.4651 0.1396
0.0513 0.3398 0.0801 0.5287
0.0082 0.6612 0.1376 0.1930
0.0339 0.2854 0.0298 0.6509
0.0113 0.4014 0.2269 0.3604
0.0082 0.9148 0.0144 0.0626
0.2166 0.3624 0.1324 0.2885
0.1602 0.3409 0.2515 0.2474
0.1807 0.3573 0.2710 0.1910
0.1797 0.3388 0.2598 0.2218
0.1910 0.3604 0.2402 0.2084
0.1694 0.3665 0.2803 0.1838

MOTIF filter50
letter-probability matrix: alength= 4 w= 13 nsites= 261 E= 0
0.0075 0.2679 0.6906 0.0340
0.3811 0.0792 0.3245 0.2151
0.3170 0.1019 0.1434 0.4377
0.4981 0.2792 0.0340 0.1887
0.1019 0.6151 0.2038 0.0792
0.0226 0.0679 0.8264 0.0830
0.0340 0.4981 0.1887 0.2792
0.1811 0.3736 0.2755 0.1698
0.1623 0.2906 0.2981 0.2491
0.1547 0.3396 0.2868 0.2189
0.1887 0.2792 0.3132 0.2189
0.1698 0.2943 0.3925 0.1434
0.1774 0.3057 0.3170 0.2000

MOTIF filter51
letter-probability matrix: alength= 4 w= 13 nsites= 1503 E= 0
0.1473 0.5760 0.2694 0.0073
0.1460 0.5090 0.0518 0.2933
0.0166 0.9781 0.0046 0.0007
0.0896 0.2714 0.0624 0.5766
0.0617 0.6344 0.2382 0.0657
0.1301 0.0378 0.2979 0.5342
0.0292 0.1380 0.8202 0.0126
0.1745 0.3670 0.2840 0.1745
0.1845 0.3603 0.2548 0.2004
0.1639 0.3723 0.2601 0.2037
0.1818 0.3517 0.2648 0.2017
0.1831 0.3451 0.2707 0.2011
0.1798 0.3238 0.2933 0.2031

MOTIF filter52
letter-probability matrix: alength= 4 w= 13 nsites= 455 E= 0
0.0436 0.1285 0.7952 0.0327
0.6340 0.1438 0.1699 0.0523
0.0022 0.0022 0.9935 0.0022
0.2593 0.4619 0.1961 0.0828
0.1089 0.0784 0.6863 0.1264
0.1002 0.0479 0.8410 0.0109
0.0654 0.2505 0.6362 0.0479
0.2309 0.3050 0.3137 0.1503
0.2092 0.2288 0.3660 0.1961
0.1743 0.2810 0.3617 0.1830
0.1830 0.2919 0.3442 0.1808
0.1830 0.2745 0.4118 0.1307
0.2200 0.2767 0.3617 0.1416

MOTIF filter53
letter-probability matrix: alength= 4 w= 13 nsites= 582 E= 0
0.0648 0.7031 0.0410 0.1911
0.2816 0.0836 0.6075 0.0273
0.2884 0.3430 0.3020 0.0666
0.1741 0.3857 0.4249 0.0154
0.1314 0.0188 0.7167 0.1331
0.6041 0.0717 0.0666 0.2577
0.2628 0.4693 0.1229 0.1451
0.2014 0.2816 0.3413 0.1758
0.1860 0.3225 0.2816 0.2099
0.1297 0.3788 0.3328 0.1587
0.1980 0.3055 0.3481 0.1485
0.2423 0.2696 0.2952 0.1928
0.1451 0.3481 0.3396 0.1672

MOTIF filter54
letter-probability matrix: alength= 4 w= 13 nsites= 2019 E= 0
0.3500 0.2304 0.2017 0.2180
0.0049 0.9743 0.0119 0.0089
0.0005 0.9689 0.0025 0.0282
0.0959 0.4474 0.0059 0.4508
0.0015 0.8705 0.0015 0.1265
0.2467 0.4301 0.0089 0.3144
0.1883 0.4424 0.0880 0.2813
0.1676 0.3999 0.2249 0.2076
0.1572 0.4147 0.2343 0.1938
0.1720 0.4043 0.2022 0.2215
0.1730 0.3999 0.2224 0.2046
0.1641 0.3772 0.2294 0.2294
0.1789 0.3697 0.2427 0.2086

MOTIF filter55
letter-probability matrix: alength= 4 w= 13 nsites= 750 E= 0
0.0358 0.0119 0.1631 0.7891
0.0172 0.0186 0.7851 0.1790
0.1737 0.0212 0.5053 0.2997
0.1870 0.1114 0.3050 0.3966
0.0902 0.5358 0.2401 0.1340
0.1114 0.3899 0.0265 0.4721
0.4416 0.0743 0.0066 0.4775
0.1260 0.3170 0.3435 0.2135
0.1844 0.3196 0.2759 0.2202
0.1844 0.3143 0.2613 0.2401
0.1764 0.2944 0.2944 0.2347
0.1897 0.3090 0.2613 0.2401
0.1963 0.2891 0.2719 0.2427

MOTIF filter56
letter-probability matrix: alength= 4 w= 13 nsites= 438 E= 0
0.0023 0.0950 0.5656 0.3371
0.0045 0.2489 0.1787 0.5679
0.6425 0.0814 0.1968 0.0792
0.5181 0.4389 0.0158 0.0271
0.0158 0.2828 0.6923 0.0090
0.4005 0.0430 0.3009 0.2557
0.3937 0.1109 0.1855 0.3100
0.1855 0.3145 0.3326 0.1674
0.1855 0.3213 0.2353 0.2579
0.2059 0.3235 0.2376 0.2330
0.1968 0.3122 0.2941 0.1968
0.2014 0.3032 0.2579 0.2376
0.1878 0.2851 0.2851 0.2421

MOTIF filter57
letter-probability matrix: alength= 4 w= 13 nsites= 336 E= 0
0.1471 0.5147 0.3000 0.0382
0.1206 0.0353 0.1059 0.7382
0.2588 0.0353 0.0265 0.6794
0.4559 0.0471 0.0206 0.4765
0.0118 0.9441 0.0176 0.0265
0.0500 0.2647 0.2971 0.3882
0.0118 0.1912 0.0618 0.7353
0.1647 0.3500 0.2882 0.1971
0.2118 0.2765 0.2353 0.2765
0.1735 0.2971 0.2853 0.2441
0.2059 0.2824 0.2882 0.2235
0.2176 0.2706 0.2824 0.2294
0.1735 0.3118 0.2529 0.2618

MOTIF filter58
letter-probability matrix: alength= 4 w= 13 nsites= 471 E= 0
0.1895 0.3221 0.4695 0.0189
0.0084 0.3516 0.4926 0.1474
0.2253 0.0147 0.6758 0.0842
0.3537 0.1747 0.4084 0.0632
0.8211 0.0421 0.1032 0.0337
0.2611 0.3516 0.3537 0.0337
0.3284 0.4274 0.2379 0.0063
0.2526 0.2863 0.2737 0.1874
0.2611 0.2526 0.3158 0.1705
0.2253 0.2758 0.3158 0.1832
0.2147 0.2821 0.3200 0.1832
0.2253 0.2863 0.2989 0.1895
0.2589 0.2779 0.2926 0.1705

MOTIF filter59
letter-probability matrix: alength= 4 w= 13 nsites= 713 E= 0
0.1618 0.7211 0.0056 0.1116
0.1534 0.3682 0.0656 0.4128
0.3947 0.5830 0.0139 0.0084
0.9596 0.0098 0.0265 0.0042
0.0558 0.0767 0.7531 0.1144
0.3668 0.2580 0.3515 0.0237
0.5077 0.2343 0.1423 0.1158
0.2441 0.2329 0.2901 0.2329
0.1953 0.2817 0.2971 0.2259
0.2329 0.2580 0.3180 0.1911
0.2483 0.2469 0.2929 0.2120
0.2232 0.2831 0.2999 0.1939
0.2371 0.2678 0.2803 0.2148

MOTIF filter60
letter-probability matrix: alength= 4 w= 13 nsites= 540 E= 0
0.1360 0.7923 0.0184 0.0533
0.2592 0.5478 0.0423 0.1507
0.2757 0.3952 0.1838 0.1452
0.6728 0.0018 0.0423 0.2831
0.0018 0.0037 0.9926 0.0018
0.1562 0.6342 0.1250 0.0846
0.1213 0.6176 0.1268 0.1342
0.2408 0.3143 0.1893 0.2555
0.1949 0.2868 0.3070 0.2114
0.2206 0.2482 0.2904 0.2408
0.2077 0.2831 0.2978 0.2114
0.1930 0.2629 0.3309 0.2132
0.1949 0.2904 0.2757 0.2390

MOTIF filter61
letter-probability matrix: alength= 4 w= 13 nsites= 440 E= 0
0.5270 0.1059 0.2770 0.0901
0.1869 0.0360 0.4009 0.3761
0.0293 0.0090 0.9414 0.0203
0.1509 0.1802 0.6284 0.0405
0.6486 0.1509 0.1014 0.0991
0.0383 0.4572 0.0788 0.4257
0.0293 0.8446 0.1194 0.0068
0.2973 0.2883 0.1577 0.2568
0.1847 0.2387 0.3784 0.1982
0.2005 0.2297 0.3829 0.1869
0.2095 0.2545 0.3581 0.1779
0.2252 0.2703 0.3131 0.1914
0.2117 0.2590 0.3221 0.2072

MOTIF filter62
letter-probability matrix: alength= 4 w= 13 nsites= 1072 E= 0
0.0316 0.1989 0.3783 0.3913
0.0112 0.0994 0.2500 0.6394
0.0019 0.7816 0.0214 0.1952
0.1431 0.6822 0.0139 0.1608
0.0009 0.7686 0.0046 0.2258
0.5325 0.0539 0.0576 0.3559
0.3234 0.0381 0.3318 0.3067
0.2007 0.2853 0.3002 0.2138
0.2072 0.3271 0.2454 0.2203
0.2054 0.3123 0.2249 0.2574
0.1952 0.3123 0.2658 0.2268
0.2221 0.3011 0.2491 0.2277
0.2203 0.2853 0.2416 0.2528

MOTIF filter63
letter-probability matrix: alength= 4 w= 13 nsites= 875 E= 0
0.1980 0.5028 0.2298 0.0694
0.1183 0.5973 0.0501 0.2344
0.2218 0.3151 0.0592 0.4039
0.2036 0.3436 0.0478 0.4050
0.1843 0.3356 0.2673 0.2127
0.0717 0.0410 0.0830 0.8043
0.1069 0.1263 0.7122 0.0546
0.1763 0.3402 0.2867 0.1968
0.2002 0.3129 0.2765 0.2105
0.1729 0.3220 0.2719 0.2332
0.2162 0.2765 0.2617 0.2457
0.1763 0.3379 0.2696 0.2162
0.2093 0.2856 0.2605 0.2446

MOTIF filter64
letter-probability matrix: alength= 4 w= 13 nsites= 814 E= 0
0.1051 0.2347 0.0660 0.5941
0.1394 0.1663 0.0697 0.6247
0.1589 0.7262 0.0134 0.1015
0.3985 0.1112 0.1345 0.3557
0.2848 0.1222 0.1259 0.4670
0.0697 0.6785 0.0697 0.1822
0.4645 0.0342 0.1002 0.4010
0.1479 0.2751 0.3191 0.2579
0.1675 0.3374 0.2469 0.2482
0.1968 0.3191 0.2396 0.2445
0.2335 0.2861 0.2225 0.2579
0.2029 0.3044 0.2677 0.2249
0.2103 0.3154 0.2555 0.2188

MOTIF filter65
letter-probability matrix: alength= 4 w= 13 nsites= 979 E= 0
0.1465 0.4212 0.4028 0.0295
0.0173 0.2055 0.6419 0.1353
0.0122 0.7630 0.0722 0.1526
0.7243 0.1597 0.1038 0.0122
0.0031 0.0051 0.8087 0.1831
0.1760 0.2767 0.5107 0.0366
0.0997 0.3805 0.4323 0.0875
0.2238 0.3011 0.3123 0.1628
0.1729 0.3367 0.3357 0.1546
0.1821 0.3001 0.3561 0.1617
0.1872 0.2716 0.3561 0.1851
0.1740 0.3011 0.3703 0.1546
0.1862 0.3021 0.3388 0.1729

MOTIF filter66
letter-probability matrix: alength= 4 w= 13 nsites= 541 E= 0
0.5450 0.3413 0.0807 0.0330
0.0055 0.6220 0.1450 0.2275
0.1615 0.5174 0.3156 0.0055
0.4936 0.0239 0.4716 0.0110
0.1596 0.2385 0.5303 0.0716
0.0110 0.5541 0.0697 0.3651
0.4110 0.2991 0.2312 0.0587
0.1908 0.3211 0.2771 0.2110
0.1743 0.2972 0.3248 0.2037
0.1908 0.3174 0.2917 0.2000
0.2569 0.2954 0.2569 0.1908
0.1615 0.3413 0.3009 0.1963
0.2000 0.2991 0.3009 0.2000

MOTIF filter67
letter-probability matrix: alength= 4 w= 13 nsites= 1348 E= 0
0.7389 0.0666 0.0074 0.1871
0.3151 0.0163 0.1738 0.4948
0.0214 0.4216 0.3410 0.2160
0.2419 0.1612 0.5747 0.0222
0.1701 0.0015 0.0821 0.7463
0.1235 0.3935 0.3669 0.1161
0.0370 0.3683 0.3595 0.2352
0.2204 0.2714 0.2574 0.2507
0.1339 0.3277 0.3180 0.2204
0.2004 0.3003 0.3121 0.1871
0.2049 0.2877 0.2500 0.2574
0.1849 0.3210 0.2996 0.1945
0.2086 0.2929 0.3143 0.1842

MOTIF filter68
letter-probability matrix: alength= 4 w= 13 nsites= 583 E= 0
0.0307 0.3135 0.5247 0.1312
0.1721 0.1141 0.7070 0.0068
0.2641 0.2164 0.4480 0.0716
0.0153 0.1993 0.7615 0.0239
0.2249 0.0988 0.1227 0.5537
0.8535 0.0358 0.0017 0.1090
0.1175 0.4412 0.2061 0.2351
0.2436 0.3203 0.2760 0.1601
0.2095 0.2470 0.2862 0.2572
0.1806 0.3135 0.3578 0.1482
0.2061 0.2777 0.3271 0.1891
0.2164 0.2709 0.3169 0.1959
0.1738 0.3066 0.3254 0.1942

MOTIF filter69
letter-probability matrix: alength= 4 w= 13 nsites= 1099 E= 0
0.3617 0.5032 0.0997 0.0354
0.3717 0.2693 0.2348 0.1242
0.0979 0.0490 0.8178 0.0354
0.6364 0.1496 0.0725 0.1414
0.4986 0.0136 0.4723 0.0154
0.2792 0.2801 0.3826 0.0580
0.0707 0.4678 0.4578 0.0036
0.2176 0.2829 0.2947 0.2049
0.1922 0.2811 0.3735 0.1532
0.1686 0.3010 0.3536 0.1768
0.1976 0.2901 0.3509 0.1614
0.1813 0.2974 0.3391 0.1822
0.1768 0.3110 0.3336 0.1786

MOTIF filter70
letter-probability matrix: alength= 4 w= 13 nsites= 866 E= 0
0.1540 0.5172 0.3138 0.0149
0.0253 0.5333 0.0115 0.4299
0.0310 0.8862 0.0046 0.0782
0.8402 0.0184 0.0011 0.1402
0.0011 0.1138 0.5276 0.3575
0.0759 0.0598 0.5897 0.2747
0.3057 0.2644 0.4195 0.0103
0.2161 0.3126 0.2632 0.2080
0.1920 0.3184 0.2747 0.2149
0.2069 0.2885 0.2609 0.2437
0.2103 0.2954 0.2724 0.2218
0.1931 0.3115 0.3103 0.1851
0.2218 0.3023 0.2575 0.2184

MOTIF filter71
letter-probability matrix: alength= 4 w= 13 nsites= 532 E= 0
0.2724 0.4142 0.2743 0.0392
0.4328 0.2295 0.1810 0.1567
0.2071 0.2724 0.2649 0.2556
0.3134 0.1138 0.3041 0.2687
0.2239 0.0261 0.5989 0.1511
0.0299 0.0131 0.8918 0.0653
0.2873 0.5056 0.0690 0.1381
0.2481 0.2649 0.2463 0.2407
0.2220 0.2575 0.3116 0.2090
0.2015 0.2444 0.3340 0.2201
0.2127 0.2892 0.3265 0.1716
0.2444 0.2500 0.3097 0.1959
0.1940 0.3340 0.2724 0.1996

MOTIF filter72
letter-probability matrix: alength= 4 w= 13 nsites= 164 E= 0
0.0179 0.9702 0.0060 0.0060
0.0060 0.0119 0.8095 0.1726
0.0238 0.1369 0.3155 0.5238
0.2619 0.0774 0.0714 0.5893
0.2738 0.6131 0.0476 0.0655
0.0476 0.7560 0.1667 0.0298
0.3750 0.1131 0.0476 0.4643
0.1369 0.2976 0.3095 0.2560
0.1845 0.3333 0.2857 0.1964
0.2024 0.3095 0.2857 0.2024
0.2024 0.2560 0.3155 0.2262
0.1845 0.3274 0.2738 0.2143
0.1964 0.2976 0.2679 0.2381

MOTIF filter73
letter-probability matrix: alength= 4 w= 13 nsites= 447 E= 0
0.2350 0.0089 0.6763 0.0798
0.0133 0.0244 0.9357 0.0266
0.7273 0.0643 0.0931 0.1153
0.3769 0.5721 0.0133 0.0377
0.1308 0.1752 0.5543 0.1397
0.3392 0.2395 0.2838 0.1375
0.1220 0.3149 0.0643 0.4989
0.1729 0.2727 0.4257 0.1286
0.2062 0.2816 0.3326 0.1796
0.1685 0.3392 0.2949 0.1973
0.1996 0.2661 0.3548 0.1796
0.2328 0.2683 0.2727 0.2262
0.2173 0.2572 0.3459 0.1796

MOTIF filter74
letter-probability matrix: alength= 4 w= 13 nsites= 1812 E= 0
0.2566 0.0369 0.1597 0.5468
0.0584 0.2368 0.4615 0.2434
0.1933 0.0330 0.4559 0.3177
0.2434 0.4053 0.3425 0.0088
0.9917 0.0006 0.0028 0.0050
0.0160 0.0644 0.6856 0.2340
0.0022 0.2357 0.7577 0.0044
0.2472 0.2726 0.2786 0.2015
0.2566 0.2456 0.3177 0.1801
0.2357 0.2539 0.3183 0.1922
0.2318 0.2539 0.3166 0.1977
0.2225 0.2594 0.3320 0.1861
0.2379 0.2638 0.3221 0.1762

MOTIF filter75
letter-probability matrix: alength= 4 w= 13 nsites= 419 E= 0
0.1655 0.0426 0.0709 0.7210
0.0331 0.2151 0.7139 0.0378
0.3570 0.1348 0.4326 0.0757
0.1182 0.1040 0.5532 0.2246
0.6454 0.1277 0.0544 0.1726
0.3097 0.1608 0.4704 0.0591
0.7258 0.2080 0.0118 0.0544
0.2199 0.2648 0.3333 0.1820
0.2340 0.2246 0.3144 0.2270
0.2388 0.2648 0.3097 0.1868
0.2151 0.2577 0.3333 0.1939
0.2293 0.2222 0.3286 0.2199
0.2057 0.2459 0.3239 0.2246

MOTIF filter76
letter-probability matrix: alength= 4 w= 13 nsites= 758 E= 0
0.5144 0.2388 0.0052 0.2415
0.3346 0.1417 0.2861 0.2375
0.1430 0.0039 0.6732 0.1798
0.2507 0.0302 0.0564 0.6627
0.7257 0.0472 0.0866 0.1404
0.0131 0.6535 0.1522 0.1811
0.0249 0.4856 0.0879 0.4016
0.1864 0.3333 0.2310 0.2493
0.2021 0.3005 0.2769 0.2205
0.2008 0.3320 0.2467 0.2205
0.2480 0.2717 0.2703 0.2100
0.1903 0.2769 0.2769 0.2559
0.2402 0.2743 0.2231 0.2625

MOTIF filter77
letter-probability matrix: alength= 4 w= 13 nsites= 716 E= 0
0.0667 0.2556 0.1639 0.5139
0.2694 0.4625 0.1236 0.1444
0.5153 0.1250 0.2986 0.0611
0.1694 0.3236 0.2111 0.2958
0.3694 0.4222 0.1861 0.0222
0.7236 0.0167 0.0653 0.1944
0.0750 0.5444 0.3292 0.0514
0.2431 0.3236 0.1958 0.2375
0.2208 0.2458 0.2958 0.2375
0.2417 0.2708 0.2847 0.2028
0.2319 0.3069 0.2611 0.2000
0.2708 0.2458 0.2667 0.2167
0.2069 0.2764 0.3083 0.2083

MOTIF filter78
letter-probability matrix: alength= 4 w= 13 nsites= 848 E= 0
0.0164 0.0399 0.0646 0.8791
0.2946 0.0035 0.6808 0.0211
0.2430 0.0411 0.6397 0.0763
0.1491 0.2113 0.6162 0.0235
0.0810 0.8216 0.0610 0.0364
0.0704 0.6033 0.0023 0.3239
0.1655 0.2993 0.0129 0.5223
0.1866 0.3157 0.3134 0.1843
0.1702 0.2876 0.3286 0.2136
0.2148 0.2793 0.2993 0.2066
0.1725 0.3263 0.3099 0.1913
0.2077 0.3005 0.3099 0.1819
0.1984 0.3181 0.2981 0.1854

MOTIF filter79
letter-probability matrix: alength= 4 w= 13 nsites= 492 E= 0
0.0524 0.6230 0.0746 0.2500
0.0081 0.9859 0.0040 0.0020
0.0806 0.3831 0.0867 0.4496
0.0040 0.4073 0.2077 0.3810
0.5101 0.2802 0.0907 0.1190
0.0403 0.1492 0.4879 0.3226
0.2581 0.1250 0.4375 0.1794
0.1956 0.3165 0.2984 0.1895
0.1794 0.3548 0.2540 0.2117
0.1774 0.3387 0.2702 0.2137
0.1613 0.3206 0.3085 0.2097
0.2137 0.3347 0.2762 0.1754
0.2077 0.3044 0.2964 0.1915

MOTIF filter80
letter-probability matrix: alength= 4 w= 13 nsites= 791 E= 0
0.1371 0.6201 0.1723 0.0704
0.0126 0.9774 0.0050 0.0050
0.1119 0.2314 0.0277 0.6289
0.1233 0.4780 0.1912 0.2075
0.4000 0.0176 0.4704 0.1119
0.0830 0.4931 0.3132 0.1107
0.2855 0.2302 0.1119 0.3723
0.1371 0.3635 0.3107 0.1887
0.2101 0.3484 0.2604 0.1811
0.2252 0.3094 0.2667 0.1987
0.1887 0.3283 0.2881 0.1950
0.2214 0.2994 0.2553 0.2239
0.2088 0.3270 0.2654 0.1987

MOTIF filter81
letter-probability matrix: alength= 4 w= 13 nsites= 416 E= 0
0.2786 0.5690 0.0905 0.0619
0.7619 0.1119 0.0667 0.0595
0.1119 0.1286 0.0167 0.7429
0.1000 0.0952 0.7143 0.0905
0.4714 0.2786 0.1476 0.1024
0.0595 0.4548 0.0643 0.4214
0.5310 0.0571 0.0881 0.3238
0.2119 0.2357 0.3405 0.2119
0.2500 0.2738 0.2881 0.1881
0.2452 0.2452 0.2952 0.2143
0.2214 0.2810 0.2667 0.2310
0.2024 0.2905 0.3000 0.2071
0.2381 0.2738 0.3000 0.1881

MOTIF filter82
letter-probability matrix: alength= 4 w= 13 nsites= 645 E= 0
0.2758 0.1032 0.5547 0.0663
0.0123 0.5532 0.4083 0.0262
0.3590 0.3344 0.0740 0.2327
0.5732 0.2250 0.1957 0.0062
0.0740 0.1572 0.5023 0.2666
0.0632 0.5208 0.3914 0.0247
0.6564 0.2250 0.0863 0.0324
0.1787 0.2296 0.3744 0.2173
0.2003 0.3066 0.3159 0.1772
0.2065 0.2943 0.3159 0.1834
0.2419 0.2912 0.2712 0.1957
0.2188 0.2650 0.3513 0.1649
0.2065 0.2712 0.3482 0.1741

MOTIF filter83
letter-probability matrix: alength= 4 w= 13 nsites= 354 E= 0
0.0391 0.0782 0.8743 0.0084
0.5196 0.0279 0.3575 0.0950
0.1257 0.0112 0.7486 0.1145
0.0056 0.1425 0.7765 0.0754
0.1117 0.4553 0.3296 0.1034
0.0754 0.6201 0.2374 0.0670
0.2849 0.2207 0.2737 0.2207
0.1927 0.2598 0.3603 0.1872
0.2291 0.2346 0.3771 0.1592
0.2346 0.2765 0.3408 0.1480
0.2039 0.2039 0.3994 0.1927
0.1704 0.2821 0.3547 0.1927
0.2095 0.2514 0.3101 0.2291

MOTIF filter84
letter-probability matrix: alength= 4 w= 13 nsites= 476 E= 0
0.4313 0.1771 0.0333 0.3583
0.1812 0.0625 0.3354 0.4208
0.1208 0.1729 0.0083 0.6979
0.0688 0.0125 0.8854 0.0333
0.3458 0.3792 0.1125 0.1625
0.0771 0.3438 0.0542 0.5250
0.5542 0.2042 0.1083 0.1333
0.2646 0.2646 0.2667 0.2042
0.2583 0.2354 0.2792 0.2271
0.2354 0.2417 0.3000 0.2229
0.2500 0.2521 0.2646 0.2333
0.2458 0.3063 0.2125 0.2354
0.2292 0.2646 0.2792 0.2271

MOTIF filter85
letter-probability matrix: alength= 4 w= 13 nsites= 804 E= 0
0.5606 0.3057 0.0408 0.0928
0.1262 0.7191 0.1200 0.0347
0.3032 0.1906 0.2116 0.2946
0.0037 0.1894 0.7908 0.0161
0.0198 0.1374 0.8379 0.0050
0.6250 0.0520 0.1312 0.1918
0.2191 0.1324 0.5149 0.1337
0.1906 0.2946 0.3577 0.1572
0.2252 0.2314 0.3144 0.2290
0.1955 0.2686 0.3490 0.1869
0.2017 0.2859 0.3651 0.1473
0.2500 0.2475 0.2908 0.2116
0.2166 0.2562 0.3391 0.1881

MOTIF filter86
letter-probability matrix: alength= 4 w= 13 nsites= 495 E= 0
0.2585 0.0641 0.1964 0.4810
0.0301 0.4629 0.1804 0.3267
0.0521 0.4589 0.4850 0.0040
0.8637 0.0281 0.1022 0.0060
0.4108 0.3567 0.1804 0.0521
0.0822 0.3527 0.5351 0.0301
0.7595 0.0120 0.2144 0.0140
0.2184 0.2465 0.3527 0.1824
0.1784 0.3427 0.3246 0.1543
0.2605 0.3066 0.2405 0.1924
0.1924 0.3387 0.2505 0.2184
0.1944 0.3267 0.3206 0.1583
0.2685 0.2325 0.2585 0.2405

MOTIF filter87
letter-probability matrix: alength= 4 w= 13 nsites= 770 E= 0
0.0026 0.0633 0.8992 0.0349
0.0724 0.0413 0.6848 0.2016
0.2791 0.1563 0.3708 0.1938
0.0103 0.6925 0.2261 0.0711
0.0556 0.1202 0.8023 0.0220
0.0491 0.0930 0.8243 0.0336
0.0078 0.0078 0.8437 0.1408
0.1822 0.2661 0.4238 0.1279
0.2171 0.2778 0.3282 0.1770
0.1770 0.3101 0.3346 0.1783
0.1693 0.2855 0.3850 0.1602
0.1783 0.2661 0.4289 0.1266
0.1680 0.2661 0.3992 0.1667

MOTIF filter88
letter-probability matrix: alength= 4 w= 13 nsites= 566 E= 0
0.5632 0.2895 0.0579 0.0895
0.2263 0.4895 0.2228 0.0614
0.0772 0.7912 0.0070 0.1246
0.1123 0.7246 0.0088 0.1544
0.0018 0.0105 0.9860 0.0018
0.0877 0.1175 0.6614 0.1333
0.1088 0.2789 0.0123 0.6000
0.1684 0.2702 0.3456 0.2158
0.2158 0.3105 0.2737 0.2000
0.1947 0.3053 0.3035 0.1965
0.1737 0.3246 0.3228 0.1789
0.2333 0.2789 0.3000 0.1877
0.2263 0.2877 0.2895 0.1965

MOTIF filter89
letter-probability matrix: alength= 4 w= 13 nsites= 808 E= 0
0.0948 0.0517 0.4323 0.4212
0.0135 0.1244 0.5936 0.2685
0.3867 0.0111 0.1736 0.4286
0.5111 0.2586 0.1429 0.0874
0.0123 0.7488 0.1490 0.0899
0.3103 0.1749 0.4212 0.0936
0.2278 0.3448 0.2685 0.1589
0.1970 0.3399 0.2943 0.1687
0.2414 0.2574 0.2820 0.2192
0.2365 0.2635 0.2931 0.2069
0.1626 0.3411 0.3140 0.1823
0.1897 0.3153 0.2919 0.2032
0.2315 0.2796 0.2635 0.2254

MOTIF filter90
letter-probability matrix: alength= 4 w= 13 nsites= 1462 E= 0
0.3001 0.2094 0.3486 0.1419
0.3486 0.3411 0.1432 0.1671
0.2653 0.2906 0.1651 0.2790
0.1937 0.3076 0.4229 0.0757
0.4495 0.3629 0.0641 0.1235
0.2572 0.2128 0.3984 0.1317
0.0396 0.3506 0.5791 0.0307
0.2183 0.3124 0.2626 0.2067
0.2026 0.3097 0.3131 0.1746
0.1903 0.3097 0.3315 0.1685
0.2053 0.2831 0.2995 0.2121
0.1719 0.3158 0.3254 0.1869
0.1910 0.3295 0.3220 0.1576

MOTIF filter91
letter-probability matrix: alength= 4 w= 13 nsites= 534 E= 0
0.0595 0.2454 0.4387 0.2565
0.5520 0.2565 0.1654 0.0260
0.3792 0.4219 0.0428 0.1561
0.1636 0.5799 0.2398 0.0167
0.1989 0.1784 0.0874 0.5353
0.0595 0.4926 0.1022 0.3457
0.0056 0.9907 0.0019 0.0019
0.2286 0.3532 0.0706 0.3476
0.1450 0.3383 0.2695 0.2472
0.2063 0.3513 0.2751 0.1673
0.1859 0.3327 0.2788 0.2026
0.1914 0.3253 0.2732 0.2100
0.1561 0.3587 0.2918 0.1933

MOTIF filter92
letter-probability matrix: alength= 4 w= 13 nsites= 491 E= 0
0.2586 0.1354 0.0848 0.5212
0.0222 0.0242 0.2788 0.6747
0.0162 0.0141 0.3818 0.5879
0.0040 0.0869 0.0081 0.9010
0.0485 0.1818 0.0020 0.7677
0.3374 0.0707 0.2020 0.3899
0.3192 0.5030 0.0303 0.1475
0.2222 0.2727 0.1859 0.3192
0.1859 0.2586 0.2545 0.3010
0.2081 0.2889 0.1960 0.3071
0.1960 0.2929 0.2303 0.2808
0.2202 0.2646 0.2283 0.2869
0.2465 0.2525 0.2242 0.2768

MOTIF filter93
letter-probability matrix: alength= 4 w= 13 nsites= 601 E= 0
0.0099 0.0479 0.9405 0.0017
0.0413 0.8298 0.0066 0.1223
0.1488 0.0959 0.1802 0.5752
0.0298 0.3107 0.2314 0.4281
0.0529 0.1967 0.0579 0.6926
0.0628 0.2612 0.4116 0.2645
0.5339 0.0248 0.1223 0.3190
0.1488 0.2496 0.4116 0.1901
0.1736 0.3025 0.3124 0.2116
0.2116 0.2793 0.2909 0.2182
0.2116 0.3058 0.2628 0.2198
0.2347 0.2810 0.2909 0.1934
0.2066 0.2446 0.3008 0.2479

MOTIF filter94
letter-probability matrix: alength= 4 w= 13 nsites= 665 E= 0
0.2123 0.4200 0.1420 0.2257
0.3692 0.3916 0.1973 0.0419
0.3244 0.0164 0.0224 0.6368
0.1046 0.2960 0.3946 0.2048
0.3752 0.0329 0.3871 0.2048
0.0389 0.0075 0.9223 0.0314
0.3558 0.5710 0.0194 0.0538
0.2661 0.2750 0.2078 0.2511
0.2272 0.2631 0.3079 0.2018
0.2287 0.3034 0.2556 0.2123
0.2078 0.3139 0.2676 0.2108
0.2227 0.2586 0.3094 0.2093
0.2212 0.3094 0.2930 0.1764

MOTIF filter95
letter-probability matrix: alength= 4 w= 13 nsites= 635 E= 0
0.7387 0.1862 0.0203 0.0548
0.0313 0.2707 0.3271 0.3709
0.0188 0.6432 0.3333 0.0047
0.4147 0.0798 0.0626 0.4429
0.0861 0.1205 0.6182 0.1753
0.0266 0.4460 0.5227 0.0047
0.6009 0.0329 0.1440 0.2222
0.1674 0.2535 0.4131 0.1659
0.2097 0.2911 0.3615 0.1377
0.2567 0.2441 0.2754 0.2238
0.1815 0.3130 0.3161 0.1894
0.1956 0.3005 0.3521 0.1518
0.2363 0.2567 0.2879 0.2191

MOTIF filter96
letter-probability matrix: alength= 4 w= 13 nsites= 421 E= 0
0.0212 0.0259 0.9341 0.0188
0.0400 0.5365 0.1529 0.2706
0.3059 0.1647 0.2047 0.3247
0.4235 0.0565 0.0800 0.4400
0.0682 0.4400 0.4471 0.0447
0.6000 0.3576 0.0282 0.0141
0.2212 0.3365 0.1082 0.3341
0.1882 0.3600 0.2447 0.2071
0.1765 0.3341 0.2494 0.2400
0.2353 0.2659 0.2800 0.2188
0.1671 0.3224 0.2894 0.2212
0.2259 0.2706 0.2612 0.2424
0.2212 0.3059 0.2729 0.2000

MOTIF filter97
letter-probability matrix: alength= 4 w= 13 nsites= 452 E= 0
0.1118 0.0351 0.0482 0.8048
0.0811 0.0154 0.8882 0.0154
0.0439 0.2018 0.2259 0.5285
0.0811 0.2873 0.5877 0.0439
0.8026 0.0088 0.0154 0.1732
0.0132 0.1053 0.7478 0.1338
0.0395 0.1404 0.3355 0.4846
0.1645 0.2127 0.4430 0.1798
0.2215 0.2237 0.2478 0.3070
0.1798 0.2588 0.3816 0.1798
0.1820 0.2675 0.2697 0.2807
0.2500 0.2346 0.3531 0.1623
0.1996 0.2500 0.2675 0.2829

MOTIF filter98
letter-probability matrix: alength= 4 w= 13 nsites= 1284 E= 0
0.1778 0.3579 0.4177 0.0466
0.1568 0.7345 0.0280 0.0807
0.2143 0.0373 0.0839 0.6646
0.0031 0.1304 0.8618 0.0047
0.0256 0.1941 0.7748 0.0054
0.6421 0.0458 0.1910 0.1211
0.0093 0.0148 0.8998 0.0761
0.2143 0.2880 0.3641 0.1335
0.2446 0.2578 0.2616 0.2360
0.1731 0.2896 0.3734 0.1638
0.2057 0.2974 0.3455 0.1514
0.2461 0.2220 0.3152 0.2166
0.1840 0.2531 0.4053 0.1576

MOTIF filter99
letter-probability matrix: alength= 4 w= 13 nsites= 214 E= 0
0.0183 0.1606 0.5183 0.3028
0.0321 0.0138 0.0963 0.8578
0.3670 0.2523 0.0092 0.3716
0.0917 0.6514 0.1009 0.1560
0.3532 0.3670 0.1055 0.1743
0.6422 0.0826 0.0550 0.2202
0.2248 0.6009 0.0642 0.1101
0.2018 0.3303 0.2110 0.2569
0.2202 0.2936 0.1927 0.2936
0.2294 0.2982 0.2294 0.2431
0.2431 0.2798 0.2569 0.2202
0.2339 0.3303 0.2156 0.2202
0.1972 0.3394 0.2477 0.2156

MOTIF filter100
letter-probability matrix: alength= 4 w= 13 nsites= 1018 E= 0
0.9159 0.0587 0.0186 0.0068
0.0166 0.1517 0.6135 0.2182
0.1037 0.4804 0.1556 0.2603
0.0049 0.4785 0.1937 0.3229
0.0284 0.9462 0.0166 0.0088
0.0528 0.5587 0.1360 0.2524
0.0558 0.7935 0.0372 0.1135
0.2524 0.3542 0.1751 0.2182
0.1732 0.2994 0.3278 0.1996
0.1693 0.3640 0.2779 0.1888
0.1957 0.3669 0.2573 0.1800
0.1722 0.3659 0.2593 0.2025
0.1820 0.3601 0.2642 0.1937

MOTIF filter101
letter-probability matrix: alength= 4 w= 13 nsites= 344 E= 0
0.1236 0.5000 0.0776 0.2989
0.2270 0.0718 0.6810 0.0201
0.1839 0.5747 0.1839 0.0575
0.0460 0.5029 0.4310 0.0201
0.1408 0.0144 0.6609 0.1839
0.5172 0.0402 0.1121 0.3305
0.2155 0.2011 0.2328 0.3506
0.1897 0.2931 0.3707 0.1466
0.1782 0.3075 0.2356 0.2787
0.1207 0.3649 0.3017 0.2126
0.1638 0.3190 0.3563 0.1609
0.2414 0.2730 0.3017 0.1839
0.1322 0.3190 0.3420 0.2069

MOTIF filter102
letter-probability matrix: alength= 4 w= 13 nsites= 299 E= 0
0.1947 0.1254 0.6172 0.0627
0.1782 0.5215 0.0396 0.2607
0.8548 0.0627 0.0528 0.0297
0.8218 0.0198 0.1353 0.0231
0.1782 0.3267 0.2046 0.2904
0.0429 0.1518 0.3366 0.4686
0.2541 0.4851 0.2244 0.0363
0.2772 0.2574 0.2343 0.2310
0.2277 0.2772 0.3102 0.1848
0.2508 0.2574 0.2640 0.2277
0.2706 0.2409 0.3069 0.1815
0.2541 0.2607 0.2673 0.2178
0.2310 0.2442 0.2838 0.2409

MOTIF filter103
letter-probability matrix: alength= 4 w= 13 nsites= 780 E= 0
0.7003 0.0102 0.2806 0.0089
0.4337 0.4158 0.1454 0.0051
0.1811 0.1467 0.2168 0.4554
0.0013 0.0013 0.8610 0.1365
0.1250 0.2806 0.0982 0.4962
0.4770 0.1773 0.0344 0.3112
0.5013 0.3839 0.0421 0.0727
0.2564 0.2513 0.2423 0.2500
0.2347 0.2793 0.2895 0.1964
0.2360 0.2704 0.2895 0.2041
0.2628 0.2602 0.2781 0.1990
0.2436 0.2717 0.2628 0.2219
0.2194 0.2258 0.3138 0.2411

MOTIF filter104
letter-probability matrix: alength= 4 w= 13 nsites= 1249 E= 0
0.1093 0.6919 0.1868 0.0120
0.4374 0.0136 0.1468 0.4022
0.0327 0.5706 0.3871 0.0096
0.2482 0.4318 0.1812 0.1389
0.0176 0.6401 0.0471 0.2953
0.0710 0.2522 0.1165 0.5603
0.0255 0.4501 0.2506 0.2737
0.1923 0.3440 0.2442 0.2195
0.1732 0.3168 0.3049 0.2051
0.2067 0.3041 0.3009 0.1883
0.2147 0.3025 0.2761 0.2067
0.1860 0.3128 0.2849 0.2163
0.1875 0.3168 0.2737 0.2219

MOTIF filter105
letter-probability matrix: alength= 4 w= 13 nsites= 551 E= 0
0.0901 0.0919 0.7243 0.0937
0.0396 0.0090 0.9207 0.0306
0.5640 0.0468 0.3441 0.0450
0.1441 0.5261 0.2721 0.0577
0.0324 0.0865 0.8559 0.0252
0.0631 0.0991 0.7225 0.1153
0.4541 0.0252 0.5009 0.0198
0.1820 0.2396 0.4667 0.1117
0.2126 0.2577 0.3694 0.1604
0.1477 0.3063 0.3568 0.1892
0.1568 0.2793 0.4144 0.1495
0.1694 0.2901 0.3964 0.1441
0.2234 0.2523 0.3946 0.1297

MOTIF filter106
letter-probability matrix: alength= 4 w= 13 nsites= 472 E= 0
0.4895 0.0336 0.2668 0.2101
0.0336 0.6870 0.0987 0.1807
0.0273 0.7185 0.0063 0.2479
0.1218 0.0357 0.1029 0.7395
0.2122 0.0042 0.2584 0.5252
0.1155 0.2920 0.1197 0.4727
0.2626 0.0483 0.0273 0.6618
0.1576 0.2962 0.2332 0.3130
0.1807 0.3214 0.2227 0.2752
0.1954 0.2689 0.2584 0.2773
0.1975 0.3109 0.2395 0.2521
0.1954 0.2773 0.2416 0.2857
0.2437 0.2437 0.2458 0.2668

MOTIF filter107
letter-probability matrix: alength= 4 w= 13 nsites= 424 E= 0
0.2593 0.4509 0.1776 0.1121
0.1192 0.1098 0.0467 0.7243
0.0841 0.3084 0.5631 0.0444
0.3154 0.5514 0.0093 0.1238
0.5958 0.3435 0.0514 0.0093
0.7243 0.0164 0.1752 0.0841
0.0421 0.1706 0.0584 0.7290
0.1776 0.2991 0.3107 0.2126
0.2196 0.2687 0.2664 0.2453
0.2220 0.2827 0.2383 0.2570
0.2547 0.2850 0.2640 0.1963
0.2173 0.2921 0.2570 0.2336
0.2290 0.2944 0.2477 0.2290

MOTIF filter108
letter-probability matrix: alength= 4 w= 13 nsites= 524 E= 0
0.0038 0.5625 0.2405 0.1932
0.2235 0.6780 0.0473 0.0511
0.1269 0.0114 0.0568 0.8049
0.0549 0.3049 0.1288 0.5114
0.0152 0.3826 0.5587 0.0436
0.8580 0.0152 0.1023 0.0246
0.0057 0.0966 0.6136 0.2841
0.1799 0.2670 0.3580 0.1951
0.2689 0.2235 0.2500 0.2576
0.1875 0.3314 0.2424 0.2386
0.2027 0.3561 0.2443 0.1970
0.2254 0.2898 0.2367 0.2481
0.1894 0.2803 0.2936 0.2367

MOTIF filter109
letter-probability matrix: alength= 4 w= 13 nsites= 157 E= 0
0.1118 0.0435 0.2484 0.5963
0.6149 0.0621 0.0124 0.3106
0.2919 0.6149 0.0373 0.0559
0.2795 0.6335 0.0621 0.0248
0.1056 0.0745 0.8137 0.0062
0.0870 0.2298 0.2298 0.4534
0.1925 0.1491 0.1056 0.5528
0.2050 0.2671 0.3043 0.2236
0.2112 0.3851 0.2484 0.1553
0.2671 0.2733 0.2174 0.2422
0.2174 0.2671 0.3478 0.1677
0.2050 0.3540 0.2609 0.1801
0.2484 0.2422 0.2484 0.2609

MOTIF filter110
letter-probability matrix: alength= 4 w= 13 nsites= 728 E= 0
0.2049 0.2787 0.2022 0.3142
0.0055 0.6243 0.0697 0.3005
0.0669 0.0355 0.0697 0.8279
0.0273 0.7623 0.1954 0.0150
0.1967 0.7008 0.0014 0.1011
0.0902 0.5027 0.0096 0.3975
0.5820 0.2145 0.0342 0.1694
0.2036 0.3033 0.2883 0.2049
0.2186 0.3087 0.2527 0.2199
0.1954 0.3456 0.2363 0.2227
0.2104 0.3115 0.2377 0.2404
0.1762 0.3142 0.3101 0.1995
0.2131 0.3224 0.2760 0.1885

MOTIF filter111
letter-probability matrix: alength= 4 w= 13 nsites= 221 E= 0
0.9378 0.0178 0.0044 0.0400
0.3467 0.4756 0.0444 0.1333
0.8133 0.0489 0.1067 0.0311
0.0133 0.0400 0.1689 0.7778
0.2756 0.1644 0.5244 0.0356
0.0978 0.6933 0.1422 0.0667
0.6622 0.0667 0.0356 0.2356
0.2267 0.2400 0.3467 0.1867
0.3200 0.2133 0.2711 0.1956
0.2133 0.2711 0.2978 0.2178
0.2933 0.2844 0.2000 0.2222
0.2178 0.2800 0.2933 0.2089
0.2756 0.3022 0.2000 0.2222

MOTIF filter112
letter-probability matrix: alength= 4 w= 13 nsites= 522 E= 0
0.2776 0.0760 0.3175 0.3289
0.1540 0.5932 0.0760 0.1768
0.0875 0.0437 0.0019 0.8669
0.0209 0.6236 0.0589 0.2966
0.9544 0.0228 0.0095 0.0133
0.4639 0.0951 0.3688 0.0722
0.5437 0.1027 0.0095 0.3441
0.2738 0.2338 0.2643 0.2281
0.2643 0.2490 0.2129 0.2738
0.2281 0.3232 0.2072 0.2414
0.2510 0.2567 0.2243 0.2681
0.2795 0.2300 0.2357 0.2548
0.2757 0.2471 0.2205 0.2567

MOTIF filter113
letter-probability matrix: alength= 4 w= 13 nsites= 1087 E= 0
0.6444 0.2915 0.0247 0.0394
0.3547 0.3034 0.1247 0.2172
0.1384 0.0202 0.6810 0.1604
0.0550 0.2640 0.5316 0.1494
0.1247 0.6013 0.1036 0.1705
0.2869 0.1613 0.3960 0.1558
0.0568 0.2090 0.6416 0.0926
0.1980 0.3025 0.3254 0.1742
0.1852 0.3199 0.3309 0.1641
0.1943 0.2979 0.3061 0.2016
0.1760 0.3382 0.3116 0.1742
0.1861 0.3061 0.3318 0.1760
0.1952 0.2860 0.3336 0.1852

MOTIF filter114
letter-probability matrix: alength= 4 w= 13 nsites= 359 E= 0
0.8705 0.0634 0.0579 0.0083
0.0028 0.1846 0.7906 0.0220
0.0303 0.1185 0.2204 0.6309
0.0220 0.3333 0.5537 0.0909
0.1322 0.8044 0.0551 0.0083
0.1102 0.2920 0.1047 0.4931
0.5014 0.0028 0.1267 0.3691
0.1818 0.2645 0.3802 0.1736
0.1956 0.2920 0.2893 0.2231
0.2011 0.2865 0.2837 0.2287
0.2397 0.2948 0.2617 0.2039
0.2287 0.2865 0.2948 0.1901
0.2507 0.3168 0.2369 0.1956

MOTIF filter115
letter-probability matrix: alength= 4 w= 13 nsites= 275 E= 0
0.4875 0.2581 0.1864 0.0681
0.0466 0.6380 0.0394 0.2760
0.0753 0.4552 0.0896 0.3799
0.1326 0.7168 0.1290 0.0215
0.0932 0.0932 0.0287 0.7849
0.5842 0.0609 0.3441 0.0108
0.0968 0.1290 0.3620 0.4122
0.1756 0.2652 0.3513 0.2079
0.2258 0.2652 0.2581 0.2509
0.1971 0.3082 0.2545 0.2401
0.2151 0.2616 0.2545 0.2688
0.2401 0.2652 0.3047 0.1900
0.2509 0.2832 0.2903 0.1756

MOTIF filter116
letter-probability matrix: alength= 4 w= 13 nsites= 405 E= 0
0.2103 0.0147 0.0367 0.7384
0.0685 0.1980 0.0954 0.6381
0.4156 0.0269 0.0196 0.5379
0.1736 0.1711 0.2836 0.3716
0.0636 0.8264 0.0733 0.0367
0.4279 0.2763 0.0856 0.2103
0.1100 0.0367 0.8068 0.0465
0.2494 0.2812 0.2934 0.1760
0.2714 0.2861 0.2396 0.2029
0.2445 0.2372 0.2689 0.2494
0.2005 0.2958 0.2665 0.2372
0.2176 0.3032 0.2396 0.2396
0.2249 0.3178 0.2445 0.2127

MOTIF filter117
letter-probability matrix: alength= 4 w= 13 nsites= 423 E= 0
0.0070 0.7752 0.0937 0.1241
0.8454 0.0351 0.0539 0.0656
0.0117 0.0351 0.2037 0.7494
0.2319 0.0867 0.6674 0.0141
0.2225 0.4450 0.2342 0.0984
0.7822 0.0351 0.0304 0.1522
0.0422 0.0562 0.6838 0.2178
0.2646 0.2342 0.3419 0.1593
0.2412 0.2717 0.2459 0.2412
0.2365 0.3115 0.2763 0.1756
0.2061 0.2998 0.2927 0.2014
0.2319 0.2974 0.2857 0.1850
0.1920 0.3232 0.3138 0.1710

MOTIF filter118
letter-probability matrix: alength= 4 w= 13 nsites= 536 E= 0
0.2278 0.3741 0.2981 0.1000
0.0519 0.0056 0.4981 0.4444
0.2056 0.0241 0.7481 0.0222
0.0593 0.0074 0.9167 0.0167
0.0630 0.0074 0.9222 0.0074
0.0333 0.9037 0.0426 0.0204
0.0352 0.0241 0.0056 0.9352
0.1093 0.2833 0.4444 0.1630
0.1852 0.2981 0.3222 0.1944
0.2056 0.2407 0.3741 0.1796
0.2019 0.2537 0.3611 0.1833
0.1944 0.2611 0.3426 0.2019
0.1685 0.2630 0.3352 0.2333

MOTIF filter119
letter-probability matrix: alength= 4 w= 13 nsites= 293 E= 0
0.3939 0.1650 0.4310 0.0101
0.1751 0.6229 0.1481 0.0539
0.9832 0.0067 0.0034 0.0067
0.1212 0.0034 0.8721 0.0034
0.1818 0.1077 0.4444 0.2660
0.1785 0.5556 0.1549 0.1111
0.5556 0.0303 0.1717 0.2424
0.2357 0.2862 0.3165 0.1616
0.2795 0.2660 0.2391 0.2155
0.2458 0.2559 0.3502 0.1481
0.3535 0.2593 0.2020 0.1852
0.2761 0.2290 0.2492 0.2458
0.2593 0.2256 0.3165 0.1987

MOTIF filter120
letter-probability matrix: alength= 4 w= 13 nsites= 568 E= 0
0.1014 0.6154 0.2115 0.0717
0.0874 0.4895 0.3269 0.0962
0.4878 0.0350 0.3252 0.1521
0.0332 0.9266 0.0087 0.0315
0.0035 0.7640 0.2290 0.0035
0.1119 0.2028 0.3514 0.3339
0.0227 0.0857 0.5927 0.2990
0.1469 0.3409 0.3776 0.1346
0.2325 0.3024 0.2727 0.1923
0.1381 0.3864 0.2990 0.1766
0.1783 0.3549 0.3059 0.1608
0.2028 0.2955 0.3129 0.1888
0.1871 0.3234 0.3304 0.1591

MOTIF filter121
letter-probability matrix: alength= 4 w= 13 nsites= 925 E= 0
0.0043 0.1033 0.8816 0.0108
0.2906 0.0883 0.0861 0.5350
0.2239 0.4058 0.1981 0.1722
0.1195 0.3219 0.4586 0.1001
0.5888 0.0431 0.0710 0.2971
0.2992 0.1464 0.2573 0.2971
0.0032 0.0398 0.9548 0.0022
0.2487 0.2217 0.3455 0.1841
0.2034 0.2809 0.3369 0.1787
0.1744 0.2885 0.3832 0.1539
0.2443 0.2325 0.3014 0.2217
0.2185 0.2626 0.3423 0.1765
0.2013 0.3003 0.3638 0.1346

MOTIF filter122
letter-probability matrix: alength= 4 w= 13 nsites= 810 E= 0
0.0614 0.1499 0.7875 0.0012
0.3084 0.2150 0.1499 0.3268
0.5233 0.1057 0.2568 0.1143
0.0012 0.0467 0.9177 0.0344
0.9300 0.0098 0.0577 0.0025
0.0147 0.6966 0.0651 0.2236
0.1204 0.8391 0.0393 0.0012
0.2285 0.3501 0.1486 0.2727
0.1769 0.3120 0.3059 0.2052
0.2052 0.2715 0.3870 0.1364
0.2359 0.2531 0.3047 0.2064
0.1744 0.2985 0.3305 0.1966
0.1609 0.3415 0.3354 0.1622

MOTIF filter123
letter-probability matrix: alength= 4 w= 13 nsites= 563 E= 0
0.2222 0.1869 0.2822 0.3086
0.0018 0.0035 0.1235 0.8713
0.1287 0.1852 0.3263 0.3598
0.8025 0.0617 0.0653 0.0705
0.4621 0.1164 0.3968 0.0247
0.5097 0.0353 0.0388 0.4162
0.4903 0.3210 0.1817 0.0071
0.2892 0.2328 0.2081 0.2698
0.2804 0.2328 0.2557 0.2310
0.2540 0.2099 0.2963 0.2399
0.2804 0.2363 0.2663 0.2169
0.2663 0.2522 0.2487 0.2328
0.2663 0.2346 0.2945 0.2046

MOTIF filter124
letter-probability matrix: alength= 4 w= 13 nsites= 710 E= 0
0.0322 0.6401 0.3151 0.0126
0.0042 0.0252 0.8039 0.1667
0.0252 0.1232 0.5252 0.3263
0.3445 0.0952 0.3739 0.1863
0.2031 0.7325 0.0098 0.0546
0.0490 0.4958 0.4356 0.0196
0.4258 0.0658 0.3039 0.2045
0.1653 0.3067 0.3473 0.1807
0.1583 0.3417 0.3796 0.1204
0.1905 0.2997 0.3137 0.1961
0.1485 0.3473 0.3095 0.1947
0.1499 0.3585 0.3459 0.1457
0.1947 0.3039 0.3221 0.1793

MOTIF filter125
letter-probability matrix: alength= 4 w= 13 nsites= 933 E= 0
0.4792 0.1003 0.2914 0.1291
0.0459 0.0149 0.9296 0.0096
0.0811 0.6638 0.1398 0.1153
0.2668 0.3618 0.0630 0.3084
0.0245 0.3095 0.5934 0.0726
0.0352 0.6307 0.2188 0.1153
0.2775 0.2593 0.2177 0.2455
0.1686 0.2753 0.3234 0.2327
0.1612 0.3607 0.3138 0.1644
0.1985 0.2999 0.2711 0.2305
0.1900 0.3223 0.2871 0.2006
0.1793 0.3650 0.2850 0.1708
0.1868 0.3031 0.2871 0.2231

MOTIF filter126
letter-probability matrix: alength= 4 w= 13 nsites= 900 E= 0
0.3993 0.0819 0.2268 0.2920
0.2566 0.1416 0.2279 0.3739
0.0531 0.5199 0.1327 0.2942
0.2511 0.2931 0.4502 0.0055
0.4978 0.4546 0.0365 0.0111
0.3485 0.0221 0.6250 0.0044
0.1184 0.1139 0.6383 0.1294
0.1936 0.3009 0.3263 0.1792
0.2511 0.2710 0.2688 0.2091
0.2135 0.3352 0.2765 0.1748
0.1914 0.2920 0.2987 0.2179
0.2146 0.2644 0.3131 0.2080
0.1925 0.2799 0.3341 0.1936

MOTIF filter127
letter-probability matrix: alength= 4 w= 13 nsites= 690 E= 0
0.0994 0.2392 0.3934 0.2680
0.8271 0.0101 0.0130 0.1499
0.0259 0.1081 0.7767 0.0893
0.2118 0.3689 0.2824 0.1369
0.0202 0.3084 0.0749 0.5965
0.0663 0.0360 0.7305 0.1671
0.2608 0.1326 0.5908 0.0159
0.2493 0.2478 0.2968 0.2061
0.2205 0.2435 0.3372 0.1988
0.2233 0.2594 0.3127 0.2046
0.2248 0.2867 0.2651 0.2233
0.1945 0.2767 0.3285 0.2003
0.1960 0.3012 0.3170 0.1859

MOTIF filter128
letter-probability matrix: alength= 4 w= 13 nsites= 852 E= 0
0.0070 0.0946 0.8832 0.0152
0.7185 0.0280 0.1075 0.1460
0.4720 0.2804 0.0093 0.2383
0.0117 0.3236 0.6636 0.0012
0.7699 0.0023 0.0713 0.1565
0.3481 0.0397 0.2138 0.3984
0.0058 0.0748 0.9124 0.0070
0.2757 0.2278 0.3353 0.1612
0.2278 0.2629 0.3026 0.2068
0.1741 0.2780 0.4054 0.1425
0.2336 0.2243 0.2792 0.2629
0.1974 0.2897 0.3154 0.1974
0.2079 0.3037 0.3540 0.1343

MOTIF filter129
letter-probability matrix: alength= 4 w= 13 nsites= 1856 E= 0
0.1892 0.7151 0.0398 0.0559
0.2699 0.3306 0.2613 0.1382
0.0108 0.3817 0.5608 0.0468
0.0349 0.0618 0.3769 0.5263
0.1978 0.4887 0.2629 0.0505
0.1301 0.5538 0.0204 0.2957
0.0075 0.9532 0.0285 0.0108
0.2177 0.4349 0.1091 0.2382
0.1710 0.3618 0.2548 0.2124
0.1903 0.3661 0.2392 0.2043
0.1898 0.3419 0.2790 0.1892
0.1726 0.3586 0.2667 0.2022
0.1704 0.3849 0.2737 0.1710

MOTIF filter130
letter-probability matrix: alength= 4 w= 13 nsites= 664 E= 0
0.5299 0.1287 0.0808 0.2605
0.2650 0.0883 0.2305 0.4162
0.0674 0.0015 0.2290 0.7021
0.6527 0.0015 0.2725 0.0734
0.2051 0.0180 0.7725 0.0045
0.3997 0.0434 0.3353 0.2216
0.1093 0.7021 0.0150 0.1737
0.2859 0.2799 0.1916 0.2425
0.2021 0.2859 0.2979 0.2141
0.2440 0.2590 0.2605 0.2365
0.2395 0.1991 0.3308 0.2305
0.2530 0.2141 0.3219 0.2111
0.2275 0.2605 0.2680 0.2440

MOTIF filter131
letter-probability matrix: alength= 4 w= 13 nsites= 752 E= 0
0.1045 0.8029 0.0225 0.0701
0.0026 0.6243 0.0688 0.3042
0.0026 0.2275 0.7619 0.0079
0.0503 0.3426 0.3188 0.2884
0.3743 0.2791 0.1653 0.1812
0.2950 0.1680 0.1402 0.3968
0.0119 0.8929 0.0913 0.0040
0.2566 0.3413 0.1283 0.2738
0.1468 0.3280 0.3108 0.2143
0.1733 0.3677 0.3003 0.1587
0.2011 0.2857 0.3082 0.2050
0.2090 0.3069 0.2844 0.1997
0.1614 0.3611 0.2910 0.1865

MOTIF filter132
letter-probability matrix: alength= 4 w= 13 nsites= 816 E= 0
0.1049 0.0829 0.2659 0.5463
0.0354 0.5280 0.1646 0.2720
0.1744 0.0329 0.0171 0.7756
0.1220 0.0293 0.7146 0.1341
0.1427 0.0122 0.7341 0.1110
0.0866 0.0183 0.8549 0.0402
0.2415 0.3012 0.3963 0.0610
0.2073 0.2756 0.2976 0.2195
0.2000 0.2817 0.3061 0.2122
0.1878 0.2805 0.3195 0.2122
0.1927 0.2829 0.3488 0.1756
0.2049 0.2585 0.3598 0.1768
0.2049 0.2756 0.3256 0.1939

MOTIF filter133
letter-probability matrix: alength= 4 w= 13 nsites= 409 E= 0
0.0799 0.0024 0.8087 0.1090
0.3826 0.0847 0.3971 0.1356
0.0678 0.6538 0.1186 0.1598
0.0339 0.1961 0.5932 0.1768
0.3438 0.0630 0.1792 0.4140
0.0145 0.8499 0.1259 0.0097
0.1646 0.2058 0.5109 0.1186
0.2058 0.2809 0.3172 0.1961
0.1235 0.3729 0.3293 0.1743
0.1792 0.3245 0.3511 0.1453
0.2324 0.3002 0.2615 0.2058
0.1162 0.3608 0.3317 0.1913
0.1840 0.3220 0.3099 0.1840

MOTIF filter134
letter-probability matrix: alength= 4 w= 13 nsites= 1113 E= 0
0.1316 0.0591 0.8039 0.0054
0.6231 0.0054 0.3303 0.0412
0.1674 0.0358 0.7395 0.0573
0.2910 0.2256 0.1791 0.3044
0.2614 0.2847 0.2578 0.1961
0.6159 0.0286 0.2346 0.1209
0.3348 0.0591 0.5094 0.0967
0.2104 0.2140 0.3814 0.1943
0.2632 0.2426 0.3035 0.1907
0.2238 0.2713 0.3089 0.1961
0.2372 0.2596 0.3026 0.2005
0.2095 0.2534 0.3259 0.2113
0.2211 0.2328 0.3509 0.1952

MOTIF filter135
letter-probability matrix: alength= 4 w= 13 nsites= 931 E= 0
0.1198 0.3765 0.0930 0.4107
0.1497 0.1647 0.3144 0.3711
0.0021 0.7037 0.0064 0.2877
0.0813 0.0021 0.0535 0.8631
0.0610 0.0118 0.6428 0.2845
0.0513 0.3144 0.1444 0.4898
0.1037 0.0856 0.0096 0.8011
0.1198 0.2952 0.2973 0.2877
0.1968 0.3219 0.1850 0.2963
0.2171 0.2727 0.2385 0.2717
0.2385 0.2620 0.2332 0.2663
0.2139 0.2952 0.2203 0.2706
0.2096 0.2749 0.2267 0.2888

MOTIF filter136
letter-probability matrix: alength= 4 w= 13 nsites= 1228 E= 0
0.0041 0.9375 0.0130 0.0455
0.0390 0.3823 0.4497 0.1291
0.0414 0.1307 0.7216 0.1063
0.0122 0.5422 0.4278 0.0179
0.1218 0.4481 0.2297 0.2005
0.2979 0.3880 0.1258 0.1883
0.0601 0.5998 0.2200 0.1201
0.1851 0.3669 0.2484 0.1997
0.1810 0.3401 0.3036 0.1753
0.1461 0.3977 0.3093 0.1469
0.1761 0.3385 0.3239 0.1615
0.1867 0.3466 0.2938 0.1729
0.1388 0.3872 0.3101 0.1640

MOTIF filter137
letter-probability matrix: alength= 4 w= 13 nsites= 773 E= 0
0.5817 0.0077 0.4093 0.0013
0.0026 0.2291 0.6088 0.1596
0.0232 0.5161 0.1647 0.2960
0.2407 0.4646 0.0965 0.1982
0.0051 0.4028 0.0888 0.5032
0.8932 0.0142 0.0914 0.0013
0.0051 0.0051 0.7967 0.1931
0.1905 0.2445 0.3951 0.1699
0.1943 0.3024 0.3346 0.1686
0.1956 0.2703 0.2960 0.2381
0.2098 0.2754 0.2857 0.2291
0.2021 0.2613 0.3488 0.1879
0.2214 0.2574 0.3552 0.1660

MOTIF filter138
letter-probability matrix: alength= 4 w= 13 nsites= 697 E= 0
0.0670 0.0656 0.7575 0.1098
0.6063 0.0285 0.0100 0.3552
0.2910 0.3481 0.2083 0.1526
0.1341 0.1897 0.6348 0.0414
0.3324 0.0300 0.0942 0.5435
0.0442 0.2268 0.7033 0.0257
0.1783 0.3837 0.4322 0.0057
0.2397 0.2653 0.2668 0.2282
0.1755 0.2796 0.3509 0.1940
0.1812 0.2939 0.3866 0.1384
0.2425 0.2354 0.2853 0.2368
0.1726 0.3096 0.3723 0.1455
0.2068 0.2839 0.3595 0.1498

MOTIF filter139
letter-probability matrix: alength= 4 w= 13 nsites= 732 E= 0
0.4035 0.0924 0.2120 0.2921
0.0774 0.0177 0.8832 0.0217
0.1780 0.0978 0.1834 0.5408
0.2405 0.0543 0.1005 0.6046
0.2011 0.2663 0.0353 0.4973
0.0136 0.7704 0.0679 0.1481
0.0842 0.3003 0.2989 0.3166
0.1861 0.3274 0.2582 0.2283
0.1712 0.3546 0.2745 0.1997
0.2459 0.2514 0.2717 0.2310
0.2147 0.2921 0.2391 0.2541
0.1834 0.3641 0.2541 0.1984
0.2160 0.2704 0.2894 0.2242

MOTIF filter140
letter-probability matrix: alength= 4 w= 13 nsites= 481 E= 0
0.1010 0.6144 0.1381 0.1464
0.9010 0.0680 0.0165 0.0144
0.3361 0.1093 0.0371 0.5175
0.1196 0.1072 0.5052 0.2680
0.2103 0.0907 0.2887 0.4103
0.3216 0.3691 0.2845 0.0247
0.0680 0.3196 0.0412 0.5711
0.1959 0.2515 0.3175 0.2351
0.2062 0.2474 0.2701 0.2763
0.2412 0.2577 0.2845 0.2165
0.1794 0.2742 0.3052 0.2412
0.2144 0.2557 0.2990 0.2309
0.2021 0.2825 0.2866 0.2289

MOTIF filter141
letter-probability matrix: alength= 4 w= 13 nsites= 589 E= 0
0.1568 0.4317 0.1332 0.2782
0.0624 0.1147 0.2260 0.5970
0.0118 0.8347 0.0556 0.0978
0.6408 0.0438 0.0135 0.3019
0.0388 0.7268 0.2108 0.0236
0.7319 0.1501 0.0826 0.0354
0.0675 0.0590 0.1889 0.6847
0.1568 0.3221 0.3305 0.1906
0.2057 0.3373 0.2395 0.2175
0.2125 0.3103 0.2648 0.2125
0.2125 0.3187 0.2563 0.2125
0.1804 0.3137 0.2782 0.2277
0.2260 0.3035 0.2698 0.2007

MOTIF filter142
letter-probability matrix: alength= 4 w= 13 nsites= 886 E= 0
0.0292 0.1843 0.6685 0.1180
0.0090 0.4640 0.4966 0.0303
0.1685 0.3494 0.0831 0.3989
0.0011 0.9899 0.0056 0.0034
0.5584 0.3303 0.0067 0.1045
0.0101 0.9461 0.0101 0.0337
0.8989 0.0775 0.0180 0.0056
0.1539 0.2551 0.4438 0.1472
0.1955 0.3337 0.3169 0.1539
0.1809 0.3427 0.2584 0.2180
0.2225 0.3124 0.2539 0.2112
0.2034 0.3382 0.2640 0.1944
0.1910 0.3371 0.2798 0.1921

MOTIF filter143
letter-probability matrix: alength= 4 w= 13 nsites= 1100 E= 0
0.2536 0.0951 0.5870 0.0643
0.3768 0.1993 0.4185 0.0054
0.0018 0.0036 0.9937 0.0009
0.4176 0.0435 0.4321 0.1069
0.8605 0.0181 0.0960 0.0254
0.6395 0.0824 0.2754 0.0027
0.0371 0.0226 0.9266 0.0136
0.2382 0.2346 0.3741 0.1531
0.2509 0.2400 0.3487 0.1603
0.1975 0.2491 0.3750 0.1784
0.2237 0.2745 0.3306 0.1712
0.2183 0.2237 0.3623 0.1957
0.1993 0.2582 0.3813 0.1612

MOTIF filter144
letter-probability matrix: alength= 4 w= 13 nsites= 628 E= 0
0.0459 0.0601 0.8766 0.0174
0.0839 0.0111 0.1661 0.7389
0.0506 0.0206 0.9003 0.0285
0.0332 0.0316 0.7025 0.2326
0.0174 0.1930 0.6472 0.1424
0.0427 0.1598 0.0823 0.7152
0.0237 0.3291 0.4525 0.1946
0.1725 0.2848 0.2373 0.3054
0.1820 0.2627 0.3449 0.2104
0.1915 0.2389 0.3085 0.2611
0.1899 0.2532 0.3623 0.1946
0.2041 0.2500 0.2880 0.2579
0.1851 0.2516 0.3497 0.2136

MOTIF filter145
letter-probability matrix: alength= 4 w= 13 nsites= 678 E= 0
0.7111 0.0059 0.2757 0.0073
0.6701 0.0073 0.0073 0.3152
0.0249 0.0762 0.5455 0.3534
0.0557 0.2962 0.2610 0.3871
0.0264 0.2639 0.0557 0.6540
0.0806 0.5191 0.1276 0.2727
0.4106 0.2317 0.1818 0.1760
0.1950 0.2859 0.3123 0.2067
0.2082 0.2786 0.2947 0.2185
0.2346 0.2317 0.3094 0.2243
0.1965 0.2962 0.2757 0.2317
0.2258 0.2845 0.3021 0.1877
0.2287 0.2771 0.3138 0.1804

MOTIF filter146
letter-probability matrix: alength= 4 w= 13 nsites= 850 E= 0
0.1651 0.0960 0.2272 0.5117
0.0480 0.4344 0.1768 0.3407
0.1007 0.6686 0.0234 0.2073
0.1148 0.6288 0.0070 0.2494
0.0632 0.4965 0.0141 0.4262
0.3302 0.0468 0.2389 0.3841
0.0398 0.2904 0.2389 0.4309
0.1838 0.3267 0.2354 0.2541
0.1686 0.3208 0.2705 0.2400
0.1932 0.3279 0.2412 0.2377
0.1651 0.3407 0.2295 0.2646
0.2108 0.3033 0.2564 0.2295
0.2002 0.3489 0.2494 0.2014

MOTIF filter147
letter-probability matrix: alength= 4 w= 13 nsites= 1388 E= 0
0.2313 0.1882 0.1904 0.3901
0.1042 0.0395 0.6437 0.2126
0.0079 0.5144 0.1954 0.2823
0.2960 0.2155 0.1523 0.3362
0.0072 0.4734 0.3132 0.2062
0.0395 0.3276 0.6034 0.0295
0.3197 0.0546 0.0194 0.6063
0.1480 0.3024 0.3570 0.1925
0.1545 0.3815 0.2816 0.1825
0.2040 0.3060 0.2385 0.2514
0.1789 0.3233 0.2759 0.2220
0.1609 0.3412 0.3197 0.1782
0.2105 0.3103 0.2579 0.2213

MOTIF filter148
letter-probability matrix: alength= 4 w= 13 nsites= 418 E= 0
0.3152 0.5758 0.0142 0.0948
0.9882 0.0047 0.0047 0.0024
0.0071 0.1161 0.0592 0.8175
0.3294 0.0545 0.3057 0.3104
0.3602 0.1611 0.2156 0.2630
0.4218 0.3934 0.0948 0.0900
0.2938 0.4336 0.0521 0.2204
0.3057 0.2630 0.1872 0.2441
0.2536 0.2536 0.2275 0.2654
0.2607 0.2583 0.2370 0.2441
0.2512 0.2441 0.2322 0.2725
0.2085 0.2417 0.2512 0.2986
0.2299 0.2488 0.2488 0.2725

MOTIF filter149
letter-probability matrix: alength= 4 w= 13 nsites= 443 E= 0
0.0895 0.2036 0.0380 0.6689
0.0805 0.5324 0.0067 0.3803
0.2864 0.2617 0.1633 0.2886
0.5280 0.2796 0.1051 0.0872
0.3870 0.4295 0.0336 0.1499
0.0380 0.1208 0.3557 0.4855
0.0246 0.0649 0.0179 0.8926
0.1119 0.3132 0.3199 0.2550
0.1857 0.2931 0.2707 0.2506
0.1633 0.3624 0.2506 0.2237
0.1633 0.3333 0.2550 0.2483
0.1946 0.3043 0.2528 0.2483
0.1700 0.3065 0.2506 0.2729

MOTIF filter150
letter-probability matrix: alength= 4 w= 13 nsites= 455 E= 0
0.3464 0.3704 0.0632 0.2200
0.0523 0.1242 0.7821 0.0414
0.3769 0.1068 0.2266 0.2898
0.2179 0.2767 0.1089 0.3965
0.1678 0.1590 0.3660 0.3072
0.1917 0.3965 0.1373 0.2745
0.0261 0.7407 0.1351 0.0980
0.2135 0.2963 0.2767 0.2135
0.2070 0.2723 0.2963 0.2244
0.1786 0.3007 0.3181 0.2026
0.1895 0.3224 0.3464 0.1416
0.2353 0.2898 0.2571 0.2179
0.1786 0.3115 0.3203 0.1895

MOTIF filter151
letter-probability matrix: alength= 4 w= 13 nsites= 363 E= 0
0.2262 0.0654 0.5286 0.1798
0.0409 0.3624 0.5722 0.0245
0.0218 0.0136 0.0136 0.9510
0.0708 0.2861 0.3815 0.2616
0.5831 0.0899 0.3188 0.0082
0.0736 0.0599 0.0381 0.8283
0.2561 0.0899 0.4986 0.1553
0.2071 0.2452 0.3324 0.2153
0.2071 0.2916 0.2561 0.2452
0.2207 0.2698 0.3134 0.1962
0.1907 0.2698 0.3379 0.2016
0.2180 0.3351 0.2561 0.1907
0.1989 0.2861 0.3106 0.2044

MOTIF filter152
letter-probability matrix: alength= 4 w= 13 nsites= 230 E= 0
0.0513 0.0726 0.7436 0.1325
0.2564 0.3504 0.3547 0.0385
0.0983 0.1838 0.0470 0.6709
0.1410 0.1880 0.4316 0.2393
0.8120 0.0043 0.1795 0.0043
0.0043 0.0256 0.8932 0.0769
0.2051 0.0983 0.5043 0.1923
0.2479 0.1709 0.4145 0.1667
0.2564 0.2479 0.2735 0.2222
0.2137 0.2137 0.3675 0.2051
0.2094 0.2436 0.3034 0.2436
0.2607 0.1709 0.2949 0.2735
0.2564 0.2179 0.3547 0.1709

MOTIF filter153
letter-probability matrix: alength= 4 w= 13 nsites= 543 E= 0
0.0750 0.1901 0.4552 0.2797
0.2907 0.1280 0.2358 0.3455
0.2322 0.1280 0.5265 0.1133
0.0622 0.9159 0.0110 0.0110
0.0804 0.5448 0.2450 0.1298
0.0293 0.8410 0.0658 0.0640
0.7239 0.2121 0.0585 0.0055
0.1718 0.2779 0.3437 0.2066
0.2029 0.3291 0.3090 0.1590
0.2121 0.2925 0.2852 0.2102
0.1700 0.3236 0.2962 0.2102
0.1737 0.3675 0.2633 0.1956
0.2084 0.3035 0.2761 0.2121

MOTIF filter154
letter-probability matrix: alength= 4 w= 13 nsites= 391 E= 0
0.0582 0.1924 0.5747 0.1747
0.0101 0.9418 0.0051 0.0430
0.1367 0.1899 0.0203 0.6532
0.0304 0.8810 0.0481 0.0405
0.8000 0.0734 0.0532 0.0734
0.0405 0.4810 0.3848 0.0937
0.6481 0.1291 0.0380 0.1848
0.1595 0.2987 0.3671 0.1747
0.2127 0.3468 0.2633 0.1772
0.1747 0.3316 0.2684 0.2253
0.2329 0.3165 0.2608 0.1899
0.2380 0.2835 0.2633 0.2152
0.2000 0.3392 0.2709 0.1899

MOTIF filter155
letter-probability matrix: alength= 4 w= 13 nsites= 564 E= 0
0.0070 0.5581 0.3979 0.0370
0.1338 0.7254 0.0915 0.0493
0.1637 0.1567 0.0158 0.6637
0.2254 0.3380 0.3803 0.0563
0.2148 0.5018 0.2254 0.0581
0.1303 0.5845 0.1391 0.1461
0.0176 0.9718 0.0018 0.0088
0.2887 0.3838 0.1021 0.2254
0.1673 0.3134 0.2641 0.2553
0.1884 0.3187 0.3116 0.1813
0.1637 0.3415 0.2975 0.1972
0.1972 0.3539 0.2482 0.2007
0.1761 0.3592 0.2905 0.1743

MOTIF filter156
letter-probability matrix: alength= 4 w= 13 nsites= 248 E= 0
0.0476 0.0159 0.8929 0.0437
0.9127 0.0317 0.0357 0.0198
0.7738 0.2024 0.0119 0.0119
0.6746 0.0913 0.2222 0.0119
0.4603 0.2262 0.2857 0.0278
0.3810 0.4960 0.0873 0.0357
0.0833 0.2183 0.5238 0.1746
0.2262 0.2817 0.3254 0.1667
0.1706 0.2579 0.3571 0.2143
0.2222 0.2778 0.3492 0.1508
0.2222 0.2937 0.2897 0.1944
0.1944 0.2937 0.3095 0.2024
0.2659 0.2817 0.2897 0.1627

MOTIF filter157
letter-probability matrix: alength= 4 w= 13 nsites= 448 E= 0
0.1416 0.4469 0.0442 0.3673
0.3385 0.0752 0.4535 0.1327
0.0597 0.9115 0.0155 0.0133
0.6527 0.0619 0.0796 0.2058
0.0774 0.0111 0.9004 0.0111
0.1704 0.5708 0.1372 0.1217
0.3739 0.3075 0.0575 0.2611
0.2190 0.2854 0.2965 0.1991
0.2367 0.3363 0.2190 0.2080
0.2456 0.3009 0.2500 0.2035
0.2058 0.2500 0.3274 0.2168
0.2456 0.2765 0.2699 0.2080
0.2235 0.2721 0.2832 0.2212

MOTIF filter158
letter-probability matrix: alength= 4 w= 13 nsites= 730 E= 0
0.1049 0.3583 0.2098 0.3270
0.0668 0.4469 0.2766 0.2098
0.2480 0.4877 0.1226 0.1417
0.3038 0.2466 0.2166 0.2330
0.0504 0.5150 0.3025 0.1322
0.3311 0.0559 0.3297 0.2834
0.2411 0.0368 0.0327 0.6894
0.1294 0.3624 0.3229 0.1853
0.1975 0.3229 0.2602 0.2193
0.2234 0.2916 0.2316 0.2534
0.1608 0.3501 0.2834 0.2057
0.1839 0.3297 0.2888 0.1975
0.2343 0.2847 0.2262 0.2548

MOTIF filter159
letter-probability matrix: alength= 4 w= 13 nsites= 713 E= 0
0.0586 0.2636 0.0586 0.6192
0.1004 0.1729 0.6890 0.0377
0.1227 0.6569 0.1395 0.0809
0.1227 0.6290 0.1478 0.1004
0.7197 0.0851 0.1423 0.0530
0.1409 0.1395 0.3654 0.3543
0.0893 0.4937 0.3305 0.0865
0.2287 0.2957 0.2259 0.2497
0.2245 0.3040 0.2748 0.1967
0.2162 0.3040 0.2622 0.2176
0.2106 0.2957 0.2915 0.2022
0.2106 0.2999 0.2650 0.2245
0.2148 0.2789 0.2859 0.2204

MOTIF filter160
letter-probability matrix: alength= 4 w= 13 nsites= 554 E= 0
0.1738 0.3978 0.3315 0.0968
0.0179 0.6846 0.2168 0.0806
0.0466 0.0305 0.0806 0.8423
0.0412 0.3477 0.5179 0.0932
0.1308 0.5538 0.1738 0.1416
0.1649 0.5090 0.2222 0.1039
0.2545 0.0376 0.0179 0.6900
0.1362 0.3244 0.3566 0.1828
0.1756 0.3065 0.2670 0.2509
0.1935 0.2903 0.3029 0.2133
0.1882 0.3387 0.2760 0.1971
0.2043 0.2939 0.2760 0.2258
0.1810 0.3244 0.2437 0.2509

MOTIF filter161
letter-probability matrix: alength= 4 w= 13 nsites= 429 E= 0
0.0162 0.2102 0.7714 0.0023
0.1432 0.2032 0.3995 0.2540
0.1085 0.7737 0.0831 0.0346
0.1871 0.2240 0.1247 0.4642
0.1039 0.1778 0.3533 0.3649
0.0693 0.0577 0.7159 0.1570
0.0554 0.2032 0.7298 0.0115
0.2240 0.3002 0.2748 0.2009
0.1940 0.2933 0.3002 0.2125
0.2402 0.2748 0.2771 0.2079
0.2217 0.2979 0.2633 0.2171
0.2194 0.3095 0.2887 0.1824
0.2125 0.2864 0.3048 0.1963

MOTIF filter162
letter-probability matrix: alength= 4 w= 13 nsites= 438 E= 0
0.3235 0.2353 0.4186 0.0226
0.5045 0.4050 0.0792 0.0113
0.9095 0.0023 0.0136 0.0747
0.0475 0.1652 0.1335 0.6538
0.0588 0.1946 0.5362 0.2104
0.1697 0.6719 0.1335 0.0249
0.7715 0.0430 0.1403 0.0452
0.2036 0.2059 0.4389 0.1516
0.2489 0.2421 0.3190 0.1900
0.2443 0.2805 0.2919 0.1833
0.2217 0.3258 0.2557 0.1968
0.1855 0.2647 0.3077 0.2421
0.1946 0.2941 0.2805 0.2308

MOTIF filter163
letter-probability matrix: alength= 4 w= 13 nsites= 1428 E= 0
0.0887 0.4204 0.1823 0.3087
0.0147 0.9497 0.0321 0.0035
0.4476 0.1236 0.0545 0.3743
0.1634 0.2856 0.3198 0.2311
0.1690 0.4001 0.3715 0.0594
0.1027 0.3163 0.0258 0.5552
0.0475 0.7786 0.0622 0.1117
0.1955 0.4092 0.1641 0.2311
0.2032 0.2905 0.2528 0.2535
0.1802 0.3561 0.2723 0.1913
0.1934 0.3359 0.2884 0.1823
0.1990 0.3010 0.2549 0.2451
0.1837 0.3485 0.2703 0.1976

MOTIF filter164
letter-probability matrix: alength= 4 w= 13 nsites= 351 E= 0
0.3324 0.1606 0.3380 0.1690
0.0310 0.2620 0.5408 0.1662
0.1549 0.1775 0.3493 0.3183
0.6085 0.1437 0.2451 0.0028
0.0113 0.1690 0.2366 0.5831
0.3718 0.5099 0.0901 0.0282
0.2535 0.5183 0.0930 0.1352
0.2535 0.2423 0.2225 0.2817
0.1803 0.2704 0.3324 0.2169
0.2197 0.2535 0.3324 0.1944
0.2479 0.2704 0.3042 0.1775
0.1915 0.3042 0.2986 0.2056
0.2535 0.2592 0.3014 0.1859

MOTIF filter165
letter-probability matrix: alength= 4 w= 13 nsites= 695 E= 0
0.0215 0.4578 0.1087 0.4120
0.3619 0.4964 0.1102 0.0315
0.0014 0.0086 0.4206 0.5694
0.7382 0.1130 0.0215 0.1273
0.0043 0.1273 0.8169 0.0515
0.1273 0.7024 0.0801 0.0901
0.0086 0.8083 0.0758 0.1073
0.2446 0.3662 0.1660 0.2232
0.1745 0.2990 0.2904 0.2361
0.1946 0.2890 0.3219 0.1946
0.1717 0.2961 0.3419 0.1903
0.1831 0.3247 0.3119 0.1803
0.1617 0.3476 0.2761 0.2146

MOTIF filter166
letter-probability matrix: alength= 4 w= 13 nsites= 913 E= 0
0.0763 0.4220 0.4482 0.0534
0.2290 0.7339 0.0011 0.0360
0.0065 0.4166 0.0044 0.5725
0.8790 0.0109 0.0894 0.0207
0.0164 0.0022 0.4155 0.5660
0.0981 0.0218 0.8735 0.0065
0.1145 0.0403 0.7852 0.0600
0.2126 0.2923 0.2988 0.1963
0.2028 0.2988 0.2846 0.2137
0.2530 0.2814 0.2977 0.1679
0.2148 0.2901 0.3021 0.1930
0.2061 0.2443 0.3566 0.1930
0.1919 0.2846 0.3293 0.1941

MOTIF filter167
letter-probability matrix: alength= 4 w= 13 nsites= 440 E= 0
0.4887 0.0270 0.2207 0.2635
0.0968 0.4347 0.0698 0.3986
0.2320 0.1847 0.5473 0.0360
0.3086 0.1982 0.1014 0.3919
0.0248 0.5698 0.3626 0.0428
0.0743 0.1824 0.5991 0.1441
0.4077 0.0248 0.0360 0.5315
0.1329 0.3266 0.3626 0.1779
0.2005 0.3018 0.3153 0.1824
0.2275 0.2815 0.2275 0.2635
0.1532 0.3559 0.2815 0.2095
0.2162 0.3041 0.3333 0.1464
0.2410 0.2658 0.2455 0.2477

MOTIF filter168
letter-probability matrix: alength= 4 w= 13 nsites= 381 E= 0
0.0571 0.1091 0.4286 0.4052
0.3792 0.1195 0.4468 0.0545
0.0857 0.2286 0.5662 0.1195
0.2208 0.0519 0.4234 0.3039
0.3714 0.0597 0.4935 0.0753
0.0156 0.0779 0.8312 0.0753
0.4961 0.2390 0.0779 0.1870
0.2675 0.2234 0.2935 0.2156
0.2234 0.2312 0.3169 0.2286
0.2312 0.2468 0.3013 0.2208
0.2805 0.2156 0.3013 0.2026
0.2649 0.2104 0.3091 0.2156
0.2753 0.2234 0.2909 0.2104

MOTIF filter169
letter-probability matrix: alength= 4 w= 13 nsites= 256 E= 0
0.0192 0.6654 0.1077 0.2077
0.5615 0.0192 0.3423 0.0769
0.2654 0.1923 0.0769 0.4654
0.0192 0.7923 0.1385 0.0500
0.0731 0.0038 0.6923 0.2308
0.5346 0.0154 0.0385 0.4115
0.1423 0.4038 0.2000 0.2538
0.1923 0.2769 0.3462 0.1846
0.2308 0.2423 0.2115 0.3154
0.1000 0.4308 0.2846 0.1846
0.2000 0.3038 0.3269 0.1692
0.2769 0.2000 0.2538 0.2692
0.1346 0.3692 0.3115 0.1846

MOTIF filter170
letter-probability matrix: alength= 4 w= 13 nsites= 825 E= 0
0.0012 0.7129 0.0326 0.2533
0.3559 0.0024 0.4379 0.2039
0.1870 0.3004 0.0422 0.4704
0.1918 0.3040 0.1749 0.3293
0.2147 0.3691 0.1954 0.2207
0.2967 0.1870 0.1821 0.3341
0.0784 0.7021 0.1520 0.0676
0.2533 0.3064 0.1846 0.2557
0.1894 0.3305 0.2642 0.2159
0.2075 0.3172 0.2569 0.2183
0.2135 0.2979 0.2714 0.2171
0.2183 0.2955 0.2593 0.2268
0.1978 0.3112 0.2666 0.2244

MOTIF filter171
letter-probability matrix: alength= 4 w= 13 nsites= 492 E= 0
0.1734 0.0202 0.0282 0.7782
0.1552 0.3468 0.0383 0.4597
0.0665 0.5101 0.1734 0.2500
0.4637 0.2843 0.0403 0.2117
0.0060 0.3528 0.4274 0.2137
0.0887 0.1069 0.5444 0.2601
0.6633 0.0323 0.0988 0.2056
0.2056 0.2581 0.3185 0.2177
0.2278 0.2823 0.3065 0.1835
0.2359 0.2581 0.2359 0.2702
0.1875 0.3125 0.2198 0.2802
0.1956 0.3327 0.2802 0.1915
0.2137 0.2379 0.2661 0.2823

MOTIF filter172
letter-probability matrix: alength= 4 w= 13 nsites= 459 E= 0
0.0389 0.0043 0.8855 0.0713
0.3110 0.2721 0.3240 0.0929
0.7279 0.0302 0.0734 0.1685
0.3996 0.2138 0.0778 0.3089
0.0475 0.8510 0.0583 0.0432
0.4881 0.1166 0.0346 0.3607
0.0432 0.0108 0.9309 0.0151
0.2095 0.2700 0.3369 0.1836
0.2613 0.2635 0.2916 0.1836
0.2829 0.2419 0.2894 0.1857
0.2073 0.3067 0.3002 0.1857
0.2484 0.2354 0.2829 0.2333
0.2052 0.2786 0.2981 0.2181

MOTIF filter173
letter-probability matrix: alength= 4 w= 13 nsites= 217 E= 0
0.2579 0.1810 0.3032 0.2579
0.2172 0.0045 0.1312 0.6471
0.0045 0.2353 0.4027 0.3575
0.0136 0.9548 0.0271 0.0045
0.3620 0.1403 0.0407 0.4570
0.0317 0.9095 0.0271 0.0317
0.1946 0.2172 0.3167 0.2715
0.1403 0.3439 0.3122 0.2036
0.1719 0.4072 0.1991 0.2217
0.1946 0.3665 0.2172 0.2217
0.1810 0.3529 0.2579 0.2081
0.2308 0.2805 0.2624 0.2262
0.1765 0.3982 0.2398 0.1855

MOTIF filter174
letter-probability matrix: alength= 4 w= 13 nsites= 1027 E= 0
0.5199 0.0572 0.2745 0.1484
0.2037 0.2279 0.3346 0.2338
0.1736 0.1115 0.1629 0.5519
0.1416 0.0456 0.7827 0.0301
0.0466 0.0019 0.9331 0.0184
0.2532 0.0495 0.6625 0.0349
0.3424 0.0369 0.4297 0.1911
0.2250 0.2308 0.3773 0.1668
0.2250 0.2464 0.3259 0.2027
0.1833 0.2444 0.3812 0.1911
0.1950 0.2493 0.3986 0.1571
0.2173 0.2386 0.3812 0.1629
0.2153 0.2667 0.3327 0.1853

MOTIF filter175
letter-probability matrix: alength= 4 w= 13 nsites= 619 E= 0
0.0851 0.0931 0.6934 0.1284
0.0610 0.4414 0.2087 0.2889
0.2905 0.5955 0.1011 0.0128
0.3274 0.0530 0.0257 0.5939
0.2071 0.1910 0.4960 0.1059
0.1766 0.7785 0.0289 0.0161
0.1605 0.3868 0.0193 0.4334
0.1557 0.3708 0.2504 0.2231
0.1910 0.3403 0.2665 0.2022
0.1846 0.3098 0.2729 0.2327
0.2039 0.3162 0.2777 0.2022
0.1766 0.3307 0.2857 0.2071
0.1782 0.3644 0.2520 0.2055

MOTIF filter176
letter-probability matrix: alength= 4 w= 13 nsites= 444 E= 0
0.0603 0.8661 0.0201 0.0536
0.1540 0.2098 0.0893 0.5469
0.0536 0.4263 0.2679 0.2522
0.4085 0.1384 0.3460 0.1071
0.2790 0.3393 0.0781 0.3036
0.0045 0.9241 0.0290 0.0424
0.1205 0.0670 0.7656 0.0469
0.1741 0.2879 0.3080 0.2299
0.1808 0.3571 0.2812 0.1808
0.1741 0.3348 0.2723 0.2188
0.2031 0.3103 0.2299 0.2567
0.1429 0.3772 0.2790 0.2009
0.1696 0.3259 0.3393 0.1652

MOTIF filter177
letter-probability matrix: alength= 4 w= 13 nsites= 273 E= 0
0.0325 0.6498 0.0614 0.2563
0.0903 0.0650 0.0469 0.7978
0.0108 0.0866 0.8989 0.0036
0.0758 0.4838 0.3755 0.0650
0.0975 0.7690 0.1264 0.0072
0.6823 0.0758 0.0144 0.2274
0.2888 0.2419 0.1264 0.3430
0.2635 0.2527 0.2419 0.2419
0.2347 0.2708 0.2671 0.2274
0.2780 0.2744 0.2527 0.1949
0.2238 0.2744 0.2852 0.2166
0.2383 0.2383 0.2960 0.2274
0.2130 0.3141 0.2599 0.2130

MOTIF filter178
letter-probability matrix: alength= 4 w= 13 nsites= 232 E= 0
0.2373 0.7076 0.0169 0.0381
0.9661 0.0042 0.0085 0.0212
0.8136 0.1102 0.0593 0.0169
0.0678 0.1186 0.1271 0.6864
0.1695 0.0339 0.6737 0.1229
0.3093 0.2966 0.0763 0.3178
0.4534 0.0085 0.2881 0.2500
0.2585 0.2500 0.3051 0.1864
0.2881 0.2627 0.2203 0.2288
0.2161 0.2924 0.3008 0.1907
0.3136 0.2669 0.2542 0.1653
0.2839 0.2585 0.2500 0.2076
0.2373 0.2373 0.2797 0.2458

MOTIF filter179
letter-probability matrix: alength= 4 w= 13 nsites= 391 E= 0
0.0025 0.0025 0.9924 0.0025
0.0101 0.8304 0.0152 0.1443
0.0051 0.0304 0.0101 0.9544
0.1316 0.5975 0.0886 0.1823
0.6278 0.1139 0.1139 0.1443
0.1139 0.4582 0.2380 0.1899
0.0633 0.3468 0.0228 0.5671
0.2051 0.2810 0.2734 0.2405
0.2228 0.2734 0.2582 0.2456
0.2000 0.2861 0.2886 0.2253
0.2304 0.2506 0.2709 0.2481
0.2633 0.2810 0.2608 0.1949
0.1696 0.3342 0.2658 0.2304

MOTIF filter180
letter-probability matrix: alength= 4 w= 13 nsites= 400 E= 0
0.4158 0.0421 0.0074 0.5347
0.0446 0.4975 0.3564 0.1015
0.0396 0.7030 0.2550 0.0025
0.0495 0.0124 0.5470 0.3911
0.0025 0.0124 0.7797 0.2054
0.3119 0.0322 0.5693 0.0866
0.6609 0.2599 0.0050 0.0743
0.2104 0.2772 0.3515 0.1609
0.2203 0.3218 0.3045 0.1535
0.2129 0.2896 0.2822 0.2153
0.1634 0.2748 0.3861 0.1757
0.2054 0.2698 0.3688 0.1559
0.2153 0.2450 0.3119 0.2277

MOTIF filter181
letter-probability matrix: alength= 4 w= 13 nsites= 1223 E= 0
0.1557 0.7335 0.0293 0.0815
0.2967 0.5086 0.0041 0.1907
0.3162 0.3855 0.0114 0.2869
0.0367 0.6887 0.1597 0.1149
0.3472 0.2086 0.0717 0.3725
0.0652 0.9201 0.0139 0.0008
0.9324 0.0008 0.0098 0.0570
0.1434 0.3146 0.3773 0.1646
0.2363 0.3244 0.2632 0.1760
0.1817 0.3350 0.2763 0.2070
0.2054 0.3178 0.2396 0.2372
0.1964 0.3570 0.2380 0.2086
0.2046 0.3325 0.2543 0.2086

MOTIF filter182
letter-probability matrix: alength= 4 w= 13 nsites= 832 E= 0
0.6794 0.1077 0.0813 0.1316
0.3732 0.4031 0.1770 0.0467
0.8337 0.0801 0.0179 0.0682
0.0120 0.7644 0.0036 0.2201
0.2644 0.0538 0.1782 0.5036
0.0156 0.9462 0.0287 0.0096
0.4031 0.2321 0.0586 0.3062
0.1579 0.3433 0.3146 0.1842
0.2356 0.3266 0.2500 0.1878
0.1842 0.3541 0.2512 0.2105
0.2273 0.3206 0.2572 0.1950
0.1950 0.3732 0.2297 0.2022
0.2225 0.3002 0.2464 0.2309

MOTIF filter183
letter-probability matrix: alength= 4 w= 13 nsites= 946 E= 0
0.2968 0.4032 0.0463 0.2537
0.3358 0.5758 0.0253 0.0632
0.9968 0.0011 0.0011 0.0011
0.0263 0.0505 0.1832 0.7400
0.1579 0.0126 0.7989 0.0305
0.5011 0.1053 0.3211 0.0726
0.3221 0.2042 0.4116 0.0621
0.2484 0.2421 0.2979 0.2116
0.2400 0.2389 0.3274 0.1937
0.2484 0.2705 0.2726 0.2084
0.2558 0.2421 0.3084 0.1937
0.2400 0.2421 0.3168 0.2011
0.2200 0.2579 0.3032 0.2189

MOTIF filter184
letter-probability matrix: alength= 4 w= 13 nsites= 85 E= 0
0.2022 0.1910 0.2921 0.3146
0.8202 0.0449 0.0112 0.1236
0.1573 0.6966 0.0562 0.0899
0.0225 0.2135 0.6966 0.0674
0.1124 0.0337 0.1573 0.6966
0.2135 0.1910 0.1798 0.4157
0.0112 0.9213 0.0562 0.0112
0.2697 0.2584 0.1798 0.2921
0.1685 0.3483 0.2135 0.2697
0.2360 0.2921 0.3371 0.1348
0.1461 0.2809 0.3371 0.2360
0.1461 0.3258 0.2921 0.2360
0.2022 0.2697 0.2921 0.2360

MOTIF filter185
letter-probability matrix: alength= 4 w= 13 nsites= 753 E= 0
0.0555 0.1017 0.8322 0.0106
0.1532 0.1295 0.5271 0.1902
0.5482 0.0806 0.2919 0.0793
0.2391 0.6869 0.0251 0.0489
0.0832 0.7794 0.0291 0.1083
0.3157 0.3118 0.0383 0.3342
0.2021 0.4188 0.1770 0.2021
0.2100 0.2933 0.3091 0.1876
0.2219 0.2682 0.3065 0.2034
0.2259 0.2787 0.3065 0.1889
0.1915 0.3052 0.3025 0.2008
0.2127 0.2906 0.2734 0.2232
0.1651 0.3184 0.3118 0.2048

MOTIF filter186
letter-probability matrix: alength= 4 w= 13 nsites= 476 E= 0
0.6167 0.0833 0.1375 0.1625
0.0437 0.3854 0.5396 0.0312
0.0542 0.3438 0.0938 0.5083
0.0271 0.3083 0.2646 0.4000
0.0292 0.1875 0.6875 0.0958
0.2625 0.0646 0.0208 0.6521
0.1833 0.3125 0.4625 0.0417
0.2500 0.2167 0.3083 0.2250
0.1771 0.2625 0.3250 0.2354
0.2188 0.3000 0.2708 0.2104
0.2479 0.2729 0.2708 0.2083
0.2208 0.2708 0.2646 0.2437
0.1979 0.3042 0.2687 0.2292

MOTIF filter187
letter-probability matrix: alength= 4 w= 13 nsites= 871 E= 0
0.0057 0.2686 0.7246 0.0011
0.6560 0.0857 0.0949 0.1634
0.8846 0.0206 0.0171 0.0777
0.1280 0.1851 0.6297 0.0571
0.4834 0.0217 0.4629 0.0320
0.5440 0.1497 0.1029 0.2034
0.0526 0.5886 0.3417 0.0171
0.2983 0.2697 0.2366 0.1954
0.2400 0.2411 0.2937 0.2251
0.1726 0.2800 0.3714 0.1760
0.2411 0.2491 0.3234 0.1863
0.2446 0.2389 0.2857 0.2309
0.1623 0.3017 0.3863 0.1497

MOTIF filter188
letter-probability matrix: alength= 4 w= 13 nsites= 654 E= 0
0.0790 0.1520 0.5836 0.1854
0.1489 0.8040 0.0046 0.0426
0.4833 0.0182 0.1596 0.3389
0.0380 0.5760 0.1231 0.2629
0.0274 0.7933 0.0182 0.1611
0.0076 0.0851 0.0030 0.9043
0.0015 0.1459 0.1125 0.7401
0.1216 0.3571 0.2888 0.2325
0.2082 0.2857 0.2599 0.2462
0.1641 0.3283 0.2812 0.2264
0.2158 0.3207 0.2568 0.2067
0.2036 0.2933 0.2508 0.2523
0.2082 0.2979 0.2401 0.2538

MOTIF filter189
letter-probability matrix: alength= 4 w= 13 nsites= 323 E= 0
0.0122 0.0795 0.1560 0.7523
0.2630 0.0489 0.0459 0.6422
0.2263 0.3884 0.0092 0.3761
0.1346 0.5872 0.0459 0.2324
0.0306 0.2599 0.1346 0.5749
0.0336 0.1437 0.0245 0.7982
0.0306 0.8410 0.1009 0.0275
0.2569 0.3028 0.1162 0.3242
0.2080 0.2783 0.2294 0.2844
0.2385 0.2844 0.1927 0.2844
0.2080 0.3089 0.2508 0.2324
0.2263 0.2630 0.2263 0.2844
0.2171 0.3119 0.2385 0.2324

MOTIF filter190
letter-probability matrix: alength= 4 w= 13 nsites= 1565 E= 0
0.1039 0.4901 0.2976 0.1083
0.1727 0.3888 0.2919 0.1466
0.5723 0.2428 0.0414 0.1434
0.4111 0.0223 0.5041 0.0625
0.0198 0.0191 0.4162 0.5449
0.0331 0.3983 0.2855 0.2830
0.0249 0.0127 0.0300 0.9324
0.1128 0.2989 0.4085 0.1797
0.2033 0.3136 0.2511 0.2320
0.2135 0.2894 0.2913 0.2059
0.1893 0.2919 0.3129 0.2059
0.2014 0.2709 0.3015 0.2263
0.2033 0.2817 0.2779 0.2371

MOTIF filter191
letter-probability matrix: alength= 4 w= 13 nsites= 484 E= 0
0.1496 0.1947 0.2951 0.3607
0.1352 0.1414 0.0922 0.6311
0.2111 0.2541 0.4693 0.0656
0.0287 0.4959 0.2439 0.2316
0.1250 0.0369 0.0020 0.8361
0.0143 0.0758 0.5512 0.3586
0.1967 0.6045 0.1393 0.0594
0.2090 0.3504 0.2111 0.2295
0.1926 0.2992 0.3033 0.2049
0.2234 0.3525 0.2418 0.1824
0.2029 0.3217 0.2623 0.2131
0.1639 0.3381 0.2951 0.2029
0.1885 0.3156 0.2705 0.2254

MOTIF filter192
letter-probability matrix: alength= 4 w= 13 nsites= 643 E= 0
0.1592 0.4343 0.0402 0.3663
0.0433 0.6615 0.2195 0.0757
0.4420 0.0015 0.0062 0.5502
0.0495 0.0046 0.9366 0.0093
0.1391 0.1159 0.6275 0.1175
0.1097 0.3215 0.5410 0.0278
0.1839 0.4482 0.1360 0.2318
0.2009 0.3230 0.2720 0.2040
0.1824 0.3045 0.2859 0.2272
0.1793 0.2937 0.3199 0.2071
0.2210 0.2921 0.3045 0.1824
0.1777 0.2828 0.3369 0.2025
0.1824 0.3014 0.2983 0.2179

MOTIF filter193
letter-probability matrix: alength= 4 w= 13 nsites= 494 E= 0
0.0562 0.0221 0.1024 0.8193
0.1606 0.0341 0.7952 0.0100
0.1205 0.1908 0.4137 0.2751
0.1767 0.4257 0.3715 0.0261
0.0341 0.2309 0.4036 0.3313
0.0020 0.5040 0.0040 0.4900
0.1084 0.7751 0.0884 0.0281
0.3092 0.2671 0.1727 0.2510
0.2028 0.2631 0.3133 0.2209
0.2008 0.2871 0.3233 0.1888
0.2249 0.2791 0.2610 0.2349
0.1847 0.2972 0.2952 0.2229
0.2189 0.2912 0.2711 0.2189

MOTIF filter194
letter-probability matrix: alength= 4 w= 13 nsites= 373 E= 0
0.1857 0.6472 0.0796 0.0875
0.1645 0.0584 0.0769 0.7003
0.0398 0.6764 0.2202 0.0637
0.0531 0.5013 0.1512 0.2944
0.0133 0.8355 0.0265 0.1247
0.5942 0.0239 0.0796 0.3024
0.0902 0.0902 0.7798 0.0398
0.2281 0.3528 0.2944 0.1247
0.1618 0.3501 0.2838 0.2042
0.1724 0.3289 0.2653 0.2334
0.1777 0.3422 0.2918 0.1883
0.1883 0.2865 0.2653 0.2599
0.1565 0.3687 0.2759 0.1989

MOTIF filter195
letter-probability matrix: alength= 4 w= 13 nsites= 117 E= 0
0.0331 0.6446 0.2975 0.0248
0.3636 0.0909 0.2562 0.2893
0.0083 0.0248 0.9256 0.0413
0.0496 0.2149 0.3636 0.3719
0.5785 0.0661 0.0661 0.2893
0.0248 0.9091 0.0165 0.0496
0.1074 0.2149 0.4711 0.2066
0.1983 0.2975 0.2314 0.2727
0.2397 0.3223 0.2893 0.1488
0.2314 0.2645 0.3140 0.1901
0.2231 0.2810 0.3306 0.1653
0.1653 0.3306 0.2893 0.2149
0.1901 0.2893 0.3388 0.1818

MOTIF filter196
letter-probability matrix: alength= 4 w= 13 nsites= 156 E= 0
0.0813 0.0187 0.0563 0.8438
0.4500 0.0563 0.3625 0.1313
0.8187 0.0250 0.1500 0.0063
0.6937 0.0125 0.1375 0.1562
0.0375 0.2000 0.1187 0.6438
0.0750 0.4375 0.2250 0.2625
0.7063 0.0250 0.0187 0.2500
0.2062 0.2000 0.3375 0.2562
0.2562 0.2500 0.2562 0.2375
0.2875 0.2188 0.2562 0.2375
0.2125 0.3187 0.2750 0.1938
0.2938 0.2062 0.2437 0.2562
0.2750 0.2437 0.2500 0.2313

MOTIF filter197
letter-probability matrix: alength= 4 w= 13 nsites= 891 E= 0
0.0056 0.8447 0.0726 0.0771
0.2994 0.2682 0.0570 0.3754
0.3665 0.2749 0.3453 0.0134
0.3531 0.3520 0.1821 0.1128
0.5218 0.2637 0.1810 0.0335
0.1642 0.1676 0.1564 0.5117
0.0045 0.1307 0.6927 0.1721
0.2067 0.2961 0.2682 0.2291
0.2067 0.3095 0.2581 0.2257
0.1922 0.3218 0.2883 0.1978
0.1888 0.3196 0.2860 0.2056
0.1966 0.3263 0.2737 0.2034
0.2313 0.2849 0.2715 0.2123

MOTIF filter198
letter-probability matrix: alength= 4 w= 13 nsites= 461 E= 0
0.3591 0.2409 0.3441 0.0559
0.0688 0.3204 0.0688 0.5419
0.0043 0.1054 0.0452 0.8452
0.0151 0.2108 0.0925 0.6817
0.0753 0.0215 0.3269 0.5763
0.0452 0.5161 0.0108 0.4280
0.1806 0.6538 0.0860 0.0796
0.2602 0.2946 0.1570 0.2882
0.2409 0.2645 0.2387 0.2559
0.2108 0.2774 0.2495 0.2624
0.2086 0.2645 0.2581 0.2688
0.2000 0.2774 0.2667 0.2559
0.1849 0.3269 0.2559 0.2323

MOTIF filter199
letter-probability matrix: alength= 4 w= 13 nsites= 500 E= 0
0.1290 0.2262 0.3075 0.3373
0.3393 0.1607 0.4861 0.0139
0.6567 0.1012 0.2063 0.0357
0.5556 0.0258 0.2718 0.1468
0.0972 0.0694 0.6766 0.1567
0.0238 0.7639 0.0556 0.1567
0.1329 0.0060 0.0417 0.8194
0.1349 0.2698 0.4246 0.1706
0.2222 0.2837 0.3016 0.1925
0.2202 0.2798 0.2937 0.2063
0.2242 0.2560 0.3373 0.1825
0.2202 0.3135 0.2679 0.1984
0.2202 0.2976 0.2698 0.2123

